"lon" "lat" "anom"
-84.57 39.33 -0.868926903191115
-115.8 47.25 -0.168943885009256
-117.3 34.42 -0.699367052672566
-91.02 40.1 -0.873326513652025
-84.47 46.25 -1.24403466022156
-98.2 38.32 0.386510249968356
-89.02 33.9 -0.18578816240475
-120.7 39.28 0.857158310546056
-121.68 38.17 0.563180314373468
-118.27 34.5 0.0413837612652252
-100.33 37.28 1.48166484832365
-92.05 44.38 0.273410285120986
-107.57 36.23 0.464891786227718
-90.18 41.83 -1.28510408448527
-111.15 39.65 -0.818234612648957
-107.53 48.53 2.69144997765407
-77.73 39.63 -0.415620121253217
-100.85 39.13 1.10134310852764
-75.92 43.55 -1.16807427145062
-118.57 34.18 0.229309939616312
-101.9 37 -0.643871117844356
-86.13 36.02 1.09623979486748
-94.58 47.07 0.685232461005154
-80.78 38.42 -0.516219991479989
-87.73 31.92 -1.18013638735957
-102.25 35.53 1.05851684126814
-100.5 31.37 -1.38754375694483
-91.52 40.15 -0.495244948249873
-73.67 40.68 -0.353743293074789
-81.7 39.25 0.63048535173712
-121.18 44.58 1.07993237680511
-103.1 41.67 1.33063944560511
-72.33 41.58 -0.723587260257759
-96.1 32.13 0.36526705097685
-98.17 32.25 0.901917399851885
-92.12 32.47 -0.691258877409996
-103.47 42.65 1.14014996298634
-105.85 37.43 -1.11554274949868
-79.87 32.77 0.61415732215418
-85.5 46.33 -0.365966606924343
-117.82 33.88 -0.311434332535194
-91.73 30.68 -2.35193753093103
-120.95 41.2 1.91826095063383
-69.9 45.07 0.662415337753667
-79.23 39.28 0.521529627498469
-71.15 42.33 0.598466603693877
-91.07 45.88 0.221410636767003
-96.17 36.55 -0.111972364595436
-122 41.78 1.31960903409459
-100.02 42.17 2.14789266154461
-96.75 38.55 0.332988212929152
-83.73 42.97 -1.03386204076053
-84.52 39.15 0.342252785438387
-104.13 47.72 1.59892051462771
-119.68 34.42 0.644017907745065
-121.13 36.2 -0.0841391347423513
-84.25 37.55 0.920861799422838
-91.57 35.3 0.814202096995007
-101.73 43.17 0.734709641678706
-77.53 35.22 0.508315268983227
-89.35 36.93 0.972000213868267
-93.15 33.68 0.758290527561265
-104.03 41.92 1.32552467316982
-105.02 45.27 0.712209707150987
-76.17 39.65 -0.337991022165397
-84.38 34.33 -0.10174344567116
-118.57 34.6 0.733568844960692
-70.52 41.38 1.20728910476337
-97.45 35.47 -0.51842363737285
-101.87 44.33 1.10113049502746
-115.62 47.87 -0.387534983763285
-79.15 40.45 0.98274029619839
-104.25 34.37 0.502685880325494
-117.87 34 0.297037338226991
-75.45 41.73 -1.00625590476096
-82.32 31.25 -0.447865578148206
-78.32 36.1 0.988938042663526
-123.78 39.5 -0.120283767376129
-116.68 43.67 -0.579643550543645
-119.43 37.08 0.0652333449821046
-93.87 39.2 -1.15339142493005
-118.22 43.58 0.647830367775639
-94.72 31.32 -0.406669810183637
-82.93 37.17 -1.02360533546194
-100.87 39.27 0.861581975297826
-121.23 37.95 -0.149344924451565
-97.32 47.5 1.49318824135852
-88.33 45.62 1.11347695021658
-107.87 37.95 -0.985254854045415
-103.5 31.42 -0.15466706295153
-106.68 35.77 -0.696476873436684
-72.88 41.27 -0.800733217717243
-98.5 40.3 0.00462243143953431
-117.33 33.97 -0.762304540166411
-112.3 47.93 -0.679499783363736
-96.87 37.98 0.5071870915169
-69.33 45.17 0.594513794377515
-93.42 43.62 0.24857913014945
-75.92 38.72 -0.489313977506684
-82.75 31.03 -0.829510189206
-122.67 39.25 0.657073958689981
-85.28 34.7 0.31436323142755
-90.37 38.58 -0.00822165245843186
-124.73 48.38 -0.169490349419136
-81.5 32.58 -0.228762773506369
-70.92 41.78 0.0976229042499071
-95.33 34.92 0.101653481632037
-104.95 42.12 0.351780300890335
-75.2 39.92 0.50973132597136
-90.43 38.97 -0.866029610744682
-88.72 40.73 -0.561109732037323
-72.82 44.92 -0.737934111956455
-122.88 38.43 0.692606062464914
-97.05 32.97 0.758023686224666
-93.65 41.53 -0.547438109599896
-93.97 44.3 0.502526377729845
-80.18 35.37 1.02672421030918
-99.42 32.4 0.464211379350259
-108.7 36.28 0.0238777247301317
-81.72 32.58 1.08584056506661
-82.45 27.1 1.20936505560596
-81.28 33.5 0.613887413607453
-98.08 37.15 -0.395607989208439
-122.33 41.98 0.256781375442427
-77.25 41.2 -0.0818758001386524
-79.98 40.3 0.136505682108034
-85.28 42.65 -1.5034538419657
-90.13 36.45 0.347562629211009
-107.58 38.87 0.199584833870377
-83.1 39.93 -0.837418677578619
-111.58 39.35 -1.17650520911827
-82.88 38.75 -0.0167914307745895
-111.88 38.52 -1.06911832114006
-77.28 42.85 -0.13631262260087
-118.4 34.33 0.443683138321868
-112.1 39.25 0.288767139581031
-77.03 42.88 -0.850456079151623
-98.58 47.63 0.923820122051858
-76.28 36.85 1.33052564650114
-71.82 42.77 0.581066543286831
-79.27 42.27 -0.938002889010965
-80.22 38.67 0.0294192277712548
-74.27 40.6 -0.89205224620851
-122.87 42.3 1.1469824368664
-74.9 42.25 -0.404202450531847
-95.05 36.47 -0.308555692250746
-107.65 33.35 0.678699912555074
-80.82 38.93 -0.221354575390356
-106.38 36.33 -1.60601877102547
-91.53 36.48 -0.707351229445029
-105.33 45.1 0.731612130545217
-92.5 36.33 -0.973771082354394
-96.28 37.82 0.354819501625278
-102.67 32.72 0.0487115681566899
-116.13 45.92 0.710474430133459
-83 42.4 -0.330384796892615
-82.07 40.22 -0.637813862587756
-90.82 43.67 -1.05945453567189
-86.47 32.47 -0.477656471405004
-75.52 43.58 -1.09223446218284
-84.83 39.77 0.81611254902039
-121.08 40.17 1.03825242900363
-122.8 41.3 1.18393907323185
-117.77 34.07 -0.225891669733325
-111.57 34.42 -0.419842374159488
-91.12 40.78 -0.768932015559423
-78.6 41.57 -0.574091796492271
-113.42 38.48 0.0155893687641745
-119.02 41.87 -0.346779246423193
-74.95 44.58 0.677490694255523
-110.8 40.43 -0.618305272676431
-116.42 44.75 0.25905365711959
-107.78 39.52 -1.25095244035445
-110.97 33.1 -0.806812922824214
-86.3 41.35 -1.54316913895516
-92.42 30.5 -1.44807229402366
-76.88 38.65 0.146963860560195
-78.52 36.77 1.12765528706941
-102.87 30.88 -0.722863657914904
-122.42 37.78 0.164611732152476
-84.63 37.97 1.23417332187472
-94.5 45.13 0.617076060669225
-95.7 39.25 -0.399126812869772
-94.58 37.23 -0.279482707841622
-89.1 41.32 -1.13790256388098
-87.48 31.17 -0.366554147731654
-85.68 38.37 0.193355416835316
-99.63 33.45 1.51524274762053
-82.67 35.8 0.313515537228925
-74.55 41.85 -1.68870555818447
-102.95 46.1 1.40046217372614
-119.63 41.85 1.61299353551414
-84.95 40.67 -1.16272516892086
-95.2 47.22 0.811598991425829
-111.12 32.33 0.642479450106509
-72.07 44.27 0.835880543529242
-82.65 33.42 0.507331455406775
-95.9 36.2 0.48744723068433
-117.87 42.42 1.15767183537788
-108.07 38.03 -0.508688232777399
-100.08 38.23 0.543365959265261
-110.73 35.02 -0.393022965167113
-80.62 40.28 -0.208865206014397
-97.02 37.93 -0.336987776713495
-121 46.67 0.223632824267023
-122.88 42.45 0.268315190551076
-85.38 38.42 -0.614657393715826
-74.4 40.6 -0.138620427304859
-101.05 48.65 0.604485619803201
-90.15 30.85 -0.309931808186766
-104.8 37.62 -1.68289516439714
-94.72 35.75 -1.13567254823794
-81.92 40.55 -0.899133532632306
-90.17 36.95 -0.588619016348739
-105.82 32.95 0.329695825148452
-95.28 32.95 0.0133009078430904
-88.9 33.97 0.577462342869225
-80.87 39.65 -0.964516801255149
-79.4 35.33 0.353181665686264
-81.53 28.48 0.165773846549971
-82.08 29.2 -1.41641651066549
-84.22 43.62 0.0928144868535193
-96.47 28.92 -0.811003253695583
-67.8 46.13 0.619861009300975
-101.33 42.27 0.432941557487317
-70.27 45.63 -0.15201612951765
-92.25 37.95 -1.08546257088076
-85.82 36.1 0.710701365757475
-102.2 31.13 -0.75842122819323
-93.58 44.43 0.422907972934534
-107.7 32.25 1.5865398017155
-105.82 42.67 0.686960979754296
-122.18 46.5 -0.0626923258097925
-67.83 46.2 0.626085385352228
-110.53 41.8 0.27162831216102
-76.48 36.88 0.819574207293338
-97.28 36.78 -0.758555195050828
-83.85 38.78 0.0354055674014199
-74.15 41.12 -0.100514806898128
-99.38 30.53 0.150452759710385
-97.92 30.67 -0.560368985268557
-100.5 31.22 -0.714809614634897
-116.23 41.32 -0.00225854307504791
-91.37 35.28 0.167145276893361
-89.27 33.55 -0.272807223365393
-92.75 31.18 -1.39428721600826
-90.7 42.08 -0.168704155126738
-77.77 38.43 -0.0135858183319109
-92.35 45.32 1.16738272163032
-89.87 39.28 0.320486754805147
-112.85 34.93 -0.612950329014772
-116.47 32.62 -0.386894308102212
-81.15 36.15 0.356510228759327
-97.57 33.08 0.907518341358428
-107.17 33.38 1.38143755579522
-86.68 32.47 -0.0815338603361426
-94.95 41.7 -0.773714457459676
-80.58 34.55 0.0618004619439601
-93.62 41.58 -0.589269979166732
-84.55 32.68 0.0262181654175935
-78.72 39.98 -0.655323013153406
-112.28 42.17 -0.686574411055341
-83.18 37.25 1.74681096907754
-77.05 42.67 0.504215870065363
-88.38 40.47 0.237850060300204
-92.3 31.87 -1.43613473329332
-119.63 37.5 0.202474131806874
-86.27 36.22 0.745906500312048
-94.32 35.7 -0.694579402862418
-74.32 42.08 -0.937550973095884
-76.83 35.45 1.56005848896644
-88.92 43.08 -1.14670128057464
-106.77 43.35 1.15127516049428
-101.8 33.58 0.204433099566625
-99.85 31.22 -0.757474027568424
-98.12 47.43 -0.0997878394889977
-99.83 39.38 1.97329201064343
-71.7 43.07 0.538537630640039
-81.6 27.93 -1.43058486588266
-81.2 37.77 0.921989203668006
-118.6 34.08 0.984838494662523
-78.75 41.42 -0.408567655999186
-89.35 40.53 -0.692631906306949
-94.88 33.48 0.208289082991295
-93.52 32.7 -0.459174803392095
-94.95 34.13 -0.00511572767398888
-97.2 41.1 0.744790609072657
-78.83 36.15 0.472571486127642
-124.28 47.3 -0.146885888310584
-85.5 37.25 0.973365599278636
-93.08 31.77 -0.746014642660616
-91.72 32.1 -0.800866535449076
-96.87 40.58 0.237143147621127
-122.03 37.18 0.928906116158721
-96.95 29.47 -0.426892947300546
-110.4 40.17 -0.700462467257554
-78.63 41.8 -1.48810229276722
-72.55 42.62 -0.840794595568036
-96.68 34.22 -0.024161532869611
-115.53 34.93 -1.45700660384776
-81.12 40.57 -1.98465222118414
-99.73 30.07 -0.956282930156963
-122.53 40.62 0.109118975209002
-97.7 39.13 -0.11596298569314
-114.85 39.28 -0.717973764874666
-95.18 32.58 0.166401431980267
-77.58 40.73 -0.80695150693207
-111.72 45.35 0.786703321633789
-97.07 35.1 -0.34889147635389
-112.87 34.47 -0.448793526075866
-95.53 38.58 0.242850183952139
-88.23 43.02 -1.69361784381259
-74.33 42.6 -0.792356275907317
-82.42 34.93 0.121238787267714
-72.7 42.12 -1.14962667429746
-89.02 32.37 -0.757685717548414
-76.75 39.92 -0.0228343481825336
-109.82 34.05 0.106573699601583
-119.53 47.3 0.343672292991351
-122.3 40.5 0.195504767279861
-97.33 28.23 -0.649910803103582
-109.58 31.35 -1.02435151056961
-89.78 32.32 -0.428190335149099
-85.68 32.83 0.782614078253283
-95.55 29.25 -0.640616465603147
-118.17 33.8 0.468683771017049
-123.08 43.65 -0.498899510924918
-117.85 33.77 -0.0107792869508353
-74.95 38.95 -0.0448645475166427
-108.97 45.48 1.07237454025503
-101.27 43.17 2.15244740872931
-82.47 39.27 0.899666629843163
-119.3 46.3 0.644746180046169
-111.85 40.77 -0.302418154909819
-99.37 31.38 -0.543047116415003
-107.22 46.3 1.03522675056015
-93.65 42 -1.00148840898737
-80.08 37.38 1.03191307286072
-94.07 44.97 0.844279364139191
-108.35 39.1 -0.865772733457005
-98.7 47.85 2.47250882545862
-109.37 44.33 -1.06154975287286
-94.72 32.47 -0.417849566406051
-111.1 33.3 -0.727282431197685
-94.35 32.53 -0.351439169799252
-98.73 44 3.20007677924082
-92.03 39.8 -1.06579931017529
-98.47 32.67 0.632430677825087
-109.87 34.8 -0.791718566659203
-111.57 48.67 -0.460581888454773
-82.8 30.5 1.52540854403083
-93.58 30.2 -1.34365189724917
-91.43 33.52 -1.26175870659267
-107.38 45.13 -0.713668336517625
-90.48 33.18 0.0897124700483631
-90.58 36.43 -0.105385752999037
-112.65 38.3 -0.652299400247516
-97.78 41.08 0.00494847630972384
-88.6 42.25 -1.3962550827446
-122.27 37.87 0.536331785506699
-79.38 40.12 0.417360094027322
-76.2 36.9 0.581207499754956
-115.88 42.38 0.410648734273971
-85.92 31.17 0.150409430778914
-96.17 39.5 0.429200391845776
-81.18 35.27 1.39906973693194
-96.02 41.37 0.645904823367822
-92.8 33.22 0.309115518365351
-116.17 33.63 -0.650233833018544
-72.98 41.37 -1.2365323712714
-117.27 34.13 -0.820242710842266
-97.65 29.67 -0.554480226446151
-122.43 47.25 -0.333131165233858
-87.12 33.12 -0.429127975101549
-111.87 38.95 -0.253422651360873
-100.3 48.62 0.241373116693138
-100.13 36.43 -0.296893079622961
-103.88 42.68 0.404624355659517
-76.13 39.35 0.00707846260100461
-100.73 39.47 -0.0202478187933582
-106.57 35.28 -0.761726600354436
-76.7 39.63 -0.450646082785475
-91.82 44.17 -0.208128104465216
-71.95 42.85 -0.0703304030244184
-93.32 37.95 -0.643919584782146
-76.97 38.53 -0.156093997365794
-82.15 33.92 -0.0557261289186333
-100.07 47.03 0.36909446871813
-105.52 40.38 -1.04707513497689
-102.62 38.08 -0.473159476806685
-98.42 31.67 -0.700750511179247
-73.12 41.8 -1.25959009815086
-99.35 35.87 0.546623248203733
-86.32 31.95 0.293501045486779
-112.58 38.6 0.0225781744647519
-84.12 44.67 0.314377976082655
-97.57 38.82 0.202096754289585
-84.02 34.55 -0.652463904341095
-73.3 41.72 -1.58125457358851
-121.62 39.75 0.80377154056573
-103.32 43.48 1.17714739514415
-82.57 32.18 -0.860688466722432
-119.07 34.35 0.93826803073068
-92.58 34.17 -0.141419565307671
-84.6 42.78 -2.14468808018684
-99.93 31.5 -0.985453489527373
-85.5 45.75 -0.875021181764304
-73.07 42.45 -1.13394653496169
-93.42 32.82 -0.413884485095522
-93.77 32.55 -0.859934774010681
-116.77 33.23 -0.368443722243281
-97.93 29.02 -0.300760234271661
-110.45 34.05 0.045364535703534
-81.17 27.4 -0.907553366805351
-89.8 34.4 -0.970442794583463
-123.33 40.37 0.286868888238422
-105.52 39.75 -1.17663940845329
-112.72 32.88 -0.0775111197602953
-95.97 38.52 0.409649065931458
-96.27 47.88 1.16142739120863
-103.72 44.38 1.61409999509255
-81.12 36.5 0.163513544942369
-123.78 46.68 0.241859414111643
-92.2 39.47 -0.905636194643192
-115.88 47.5 0.118934739490551
-95.25 48.23 1.62596060750597
-101.18 38.9 0.690142329730916
-104.25 46.07 1.37103970413348
-96.07 31.47 -0.760480005365394
-96.82 38.42 1.5054277507154
-100.23 39.07 0.827797840506921
-96.27 46.48 2.2422214864195
-120.18 39.82 1.57381150018526
-107.3 35.3 0.4399104247424
-72.08 42.05 -0.403249495342
-92.67 30.2 -0.888855657118487
-123.52 46.77 0.279593827237633
-91.32 36.7 -0.717917194278616
-79.22 41.33 -0.731060621972814
-71.42 42.08 0.465539767414031
-102.97 41.42 0.926747125119468
-95.7 33.38 0.915116522358151
-112.87 42.78 -0.331570572807873
-85.87 45.97 -1.00983469854539
-99.43 48.28 0.578268136565626
-86.55 33.55 -0.433703976332416
-99.83 28.68 -1.19175335114557
-82.23 34.4 -0.150241953521741
-82.98 33.3 1.78894745647644
-90.38 32.9 -0.115169863141236
-97.32 31.08 -0.572990021307423
-85.12 34.45 -0.105584867529022
-91.42 31.53 -0.666790535092091
-86.93 32.65 -0.389936635780703
-77.73 42.95 1.04869902950482
-121.57 40.53 0.453345761646046
-97.3 36.28 -0.499839029972933
-122.63 41.72 0.59747957151961
-96.65 34.47 0.457431958033783
-71.45 44.27 0.256615238182546
-112.53 42.92 -0.369881304626316
-121.65 37.33 -1.06231501465416
-122.38 48.43 -0.355521040233805
-82.62 38.45 0.844421148966058
-97.45 27.58 -1.35224478397309
-101.45 31.88 -0.208400691077701
-83.33 30.87 0.0266770303690352
-111.45 34.32 -0.682210422066594
-105.77 35.58 0.049763946276757
-107.08 48.4 1.44611030543474
-83.52 39.9 -0.0873940930987503
-91.92 42.47 0.101939392388174
-97.38 28.63 -0.364412464780927
-80.87 34.13 0.907677064773794
-111.88 31.92 1.24868974866461
-85.37 34.48 0.476276648526522
-106.18 39.92 -0.869214929999068
-108.38 43.02 -0.612101871525286
-94.2 45.08 0.469255692468841
-77.68 36.15 -0.19853064015691
-111.3 42.32 -0.377645869439541
-86.63 31.83 0.752749787620221
-73.53 41.3 -0.368915252927641
-94.53 44.65 0.614535126365484
-95.85 47.83 1.63755726695932
-86.35 40.75 0.276433999128595
-85.55 31.8 -0.659153691572982
-119.1 48.43 0.0560686335206756
-112.83 32.45 0.00117594881340269
-79.45 35.72 0.384592568936907
-87.27 31.72 -0.710924593436357
-108.8 48.82 1.22624155776502
-122.97 43.37 -0.797610441718356
-102.4 48.55 1.4269406360834
-96.7 48.08 0.556351888029073
-98.4 31.22 -0.3328377853353
-96.22 40.37 -0.169035097614655
-118.18 34.95 -0.248008403258302
-94 36.95 -0.511145306784256
-88.95 38.63 -0.582031054463896
-87.02 39.38 0.906792591562047
-96.92 42.75 0.989729441496815
-97.95 29.87 -0.49548996508779
-83.93 37.9 0.89228504667049
-109.47 46 0.483994480673013
-109.23 48.58 -0.420169584459889
-93.83 34.23 -0.191893697536677
-119.65 36.3 -0.201557386265373
-120.85 37.48 -0.456157949095152
-91.72 29.95 -1.53663590963794
-95.67 31.75 -0.628859117961726
-111.62 34.4 -0.575727301370096
-91.18 34.88 -0.536261803162158
-96 38.37 1.3176123439934
-83.53 31.5 -1.20543613543663
-88.88 46.18 -0.456308211334126
-92.73 35.13 -0.134952051843862
-75.12 43.07 -0.76983097293758
-110.27 40.32 -0.716891094636493
-110.37 39.57 -0.517013646457823
-91.48 44.87 0.231472626062275
-118.6 34.25 0.715809987298928
-97.73 42.03 0.412625355232388
-122.27 47.13 -0.044328662451182
-91.08 37.4 -0.0689099510454422
-99.17 30.63 -0.964387424497741
-76.87 40.77 -0.0317544280930321
-121.93 37.12 1.13582355521161
-96.75 40.3 0.502698919107257
-105.78 33.17 0.627561139671553
-93.82 35.48 -0.0547268589223365
-94.8 29.3 -0.532862523132387
-102.97 36.9 -1.00608598358989
-121.57 37 0.410383364963945
-92.55 40.1 -0.565953130278843
-93.1 32.12 -0.840513920219995
-97.62 37.03 -0.825351721221155
-87.75 41.78 -2.12271902519003
-71.93 41.8 -0.136899700357868
-89.98 42.1 -1.05640249333484
-96.8 32.08 0.0699962817451479
-74.05 41.85 -0.674528862398543
-84.85 34.92 0.315411072402599
-82.1 38.28 2.07186221737227
-99.13 41.42 1.47724545694332
-122.92 46.15 0.138334789252531
-97.87 36.42 -0.231768936506914
-94.9 44.12 0.17193957002428
-117.98 47.3 0.294589351621593
-85.85 41.23 -1.30828354296188
-101.62 36.6 1.25577261853145
-121.53 46 0.470048520006716
-97.97 26.15 -0.693667709967359
-112.25 48.32 -1.08726068787562
-108 36.83 -0.371019756086114
-99.37 46.03 0.906882942852235
-106.42 41.7 0.335668877718739
-89.73 43.28 -1.33896784164393
-113.98 45.83 1.04632057520754
-73.1 43.25 -0.920211000115984
-74.08 41.85 -0.360538584058748
-87.32 35.27 -0.0370659666538736
-91.8 42.85 0.963752452101604
-90.47 37.18 -0.167300829372692
-73.63 40.73 -0.0987890211133608
-90.52 32.2 -0.988274501773135
-93.15 36.27 0.226179203695836
-72.9 43.23 -1.0206887754812
-90.72 35 -0.060921078694486
-82.03 34.5 -0.0168120024716519
-89.08 32.33 -1.00164071010011
-76.18 35.45 2.32553378697938
-95.13 31.05 -0.0313804247900951
-85.62 34.57 0.553237737838893
-87.72 31.65 -0.767992081050167
-100.12 40.12 0.93353900249335
-90.15 31.8 -0.549930396271491
-99.87 43.38 3.3352714986243
-123.35 45.32 -0.47673356088026
-96.83 40.83 0.282828039368366
-112.52 39.38 0.156604822097509
-101.57 46.03 1.6112063591556
-105.97 35.17 -0.803284340720867
-102.55 44.7 1.65369767473635
-80.58 35.42 0.841270268554935
-110.08 34.5 -0.53589143078959
-111.73 42.58 -0.627284271836905
-89.03 42.67 -1.15627573724852
-105.63 41.83 0.398689794085548
-100.87 46.75 0.401579114019524
-104.68 34.95 -0.390530662665146
-98.72 43.72 3.49633100191373
-73.1 42.65 -1.63827461726511
-96.1 38.85 -0.296800010847319
-90.93 36.13 0.333630490820089
-117.78 41.57 0.0610838644400702
-84.78 35.22 0.0121051456644949
-109.78 48.25 -0.213166719136086
-116.12 44.9 0.679889558282302
-120.8 35.87 0.159890076745122
-85.7 45.02 0.156414136906485
-93.07 41.7 -0.296705472034088
-95.43 37.92 -0.251444310617525
-89.53 34.38 -0.168152176921019
-82.8 39.8 -0.291263201591109
-77.72 39.12 -0.387659358351161
-98.1 45.17 1.37321849041218
-100.67 47.83 0.248223685334513
-81.28 29.02 -1.52756022731596
-87.23 32.3 -0.349847887823619
-100.97 40.52 1.79131352473237
-91.08 35.9 0.3491064084568
-87.88 37.95 -0.362728624642508
-76.62 37.02 0.546544442949045
-124.08 46.77 -0.337764918572574
-103.45 44.73 2.27117793510157
-117.07 43.73 0.259213084747218
-94.85 29.27 -1.20851167362155
-92.8 39.43 -0.316092475023863
-75.23 39.88 0.466445649711905
-93.43 36.33 -0.345566024481529
-73.98 43.7 -0.922110870490538
-93.23 44.1 -0.490410178475658
-107.62 43.3 0.458827791055967
-112.1 37.62 0.0175793041552039
-111.6 31.58 0.434828560251136
-96.9 29.68 -0.61411454488242
-120.18 48.47 -0.398557211271688
-102.73 39.3 -0.321219991068028
-71.43 42.13 0.0952249637507502
-80 40.67 0.185430443387725
-85.02 39.42 -1.35249188806686
-92.25 42.82 -0.126667037600092
-92.8 45.05 0.495963229490116
-94.87 40.35 -0.564217001907304
-109.87 31.92 -1.05899381902753
-103.47 43.43 0.682620655125614
-84.38 40.55 -1.37126613897776
-98.58 33.08 1.09683889907115
-89.52 37.3 -0.421423836537835
-97.9 47.6 -0.125815872026144
-96.6 39.2 0.0491339100938246
-72.82 41.65 -0.980276681414928
-124.15 40.23 0.394512241062484
-77.48 37.77 -0.0328741026163624
-103.5 44.07 2.53125791909385
-71.98 44.65 0.744259222188314
-81.53 29.75 0.290103720842924
-95.75 38.25 0.0603945249350582
-85.25 34.02 0.789863315839154
-75.87 43.97 -0.438170486356619
-86.87 33.1 0.232198517658073
-118.38 33.93 0.888682463144061
-72.85 44.18 0.26447954972537
-79.63 36.35 1.30579383800445
-89.05 46.05 0.206953160605075
-97.02 38.35 0.893712846603482
-99.83 39.7 0.869708483340083
-82.58 27.48 1.05215964771046
-85.95 46.28 -1.18407067099369
-93.47 35.47 -0.371389523350127
-93.75 40.75 -0.285282003361731
-97 32.48 -0.737513442063798
-115.5 40.2 0.138331977293579
-116.95 43.78 0.708780182362304
-90.88 32.35 -0.854489613712109
-98.38 44.88 1.61923213203876
-121.5 38.52 0.933721462088804
-97.53 45.33 2.03855075037646
-93.05 34.52 -0.112835572389615
-89.52 29.33 -2.4885727962275
-96.43 48.97 2.15164863214679
-117.07 34.13 0.164922242502203
-120.92 36.42 0.0463654144735928
-87.55 37.97 -0.372953170730525
-92.8 33.92 0.595844430313855
-123.22 47.42 -0.287008064471448
-93.5 32.17 -0.485941337430109
-74.8 42.42 -0.941126835654835
-123 38.5 0.601032451396006
-74.58 40.48 -0.530739008779079
-115.45 33.8 -0.572007214834351
-78.63 41.1 -0.990081500256334
-88.58 38.35 -0.0164704336185958
-70.92 42.83 2.11104343751156
-99.63 28.33 -0.648263522125242
-107.63 37.13 -0.556457846622933
-89.7 36.85 0.89993283745093
-97.17 42.17 0.464457460770422
-100.08 40.68 2.10843202809337
-82.33 33.55 -0.046241022557803
-88.45 46.75 -0.593179986056989
-89.65 42.6 0.122220662217488
-68.2 44.38 0.736084882060123
-107.88 38.48 -0.604260588958794
-82.48 39.93 -0.373266464481413
-93.22 37.02 -1.07177845532319
-109.8 48.5 -0.145543607596704
-81.05 29.18 0.0515462559286123
-81.87 26.6 0.607465610415952
-98.85 43.37 3.10061669315525
-96.5 42.15 0.986792754738517
-99.6 31.4 -1.37921066653632
-101.87 43.97 0.00727508788625794
-71.33 44.87 1.24997686776973
-111.42 40.5 -0.282242612533784
-103.18 43.83 1.93515624902227
-85.13 34.9 1.10484075189464
-73.75 43.23 -0.378152850520963
-78.88 34.05 0.288990591572212
-83.48 39.75 -0.144154114296222
-110.5 33.8 0.381695349865392
-75.62 40.8 -0.497797869835044
-122.82 46.02 -0.944710610169746
-98 48.02 1.00801252815689
-94.02 41.32 -0.842432274110295
-124.07 41.78 -0.342469640840004
-98.8 42.05 0.248860110600445
-109.25 45.92 1.1533996551417
-122.32 41.32 0.793008479846731
-90.35 45.13 -0.498811348137185
-103.78 42.42 1.65580319537532
-100.93 44.35 0.175925464978532
-99.92 40.48 1.42813006477796
-85.75 39.78 -0.951422702355626
-84.7 38.12 0.59292526648938
-76.92 41.25 0.0661903914435284
-84.52 34.1 -0.431203838195081
-100.25 32.5 0.944976428823847
-85.43 41.4 -0.766798491691827
-77.08 38.8 -0.547173779614637
-76.53 42.92 -2.71022340392838
-73.63 41.08 0.352810127121001
-116.93 44.08 0.104339439946322
-93.95 41.52 -0.583363508619545
-123.37 39.02 0.311570579105808
-120.65 37.8 0.0572889538931093
-120.67 38.33 0.239614684127456
-93.68 34.37 0.343105488980124
-107.23 39.57 0.208832953367218
-83.77 34.02 0.159985808256392
-123.5 45.05 -0.109582156620609
-81.08 34.37 -0.0125907680212491
-91.23 43.82 -0.48454220529782
-91.4 45.43 0.30769982525199
-121.1 42.43 1.07645147323068
-90.78 43.75 -1.46375039968145
-100.9 46.8 -0.127434505205465
-91.68 41.28 -0.418489790810154
-81.6 38.37 1.19175907293082
-95.37 35.12 -0.19523847346619
-88.83 36.97 1.15631243440022
-107.95 47.27 2.16837191557577
-99.9 36.72 0.987407749268367
-85.73 34.93 0.684390538803722
-108.2 43.65 -0.908112220143795
-115.47 40.68 0.232687212548114
-101.92 39.85 0.895868967983565
-105.43 35.9 -1.66563190374954
-84.67 39.05 0.69745506004876
-112.78 31.93 0.826780361652169
-89.87 37.72 -0.756710199785853
-119.55 47.32 0.177905261520586
-76.7 35.03 1.2861241702055
-103.2 40.62 1.76755861282083
-85.67 42.9 -1.81571732825021
-118.1 38.38 0.767682510178371
-90.92 43.57 -0.79063664679746
-92 39.48 -1.00802065273661
-78.83 41.02 -1.18756598472388
-98.18 28.45 -1.24986081921952
-102.37 30.13 -1.2912974528055
-99.2 47.15 2.63695960529502
-113.77 42.53 -1.37477203870315
-103.33 34.18 -0.562300101945513
-84.07 36.18 1.10079110863179
-112.63 37.27 0.378570223969524
-85.28 32.3 -0.775981925285136
-101.22 32.62 0.984021858005153
-81.43 36.7 1.15912262507392
-100.8 31.5 -0.845742005681757
-88.65 36.73 0.540055123455185
-116.43 35.05 -1.33050036504653
-120.05 38.7 0.715807451076986
-98.32 36.12 -0.142902928679915
-75.5 42.67 -1.00195252123509
-77.13 40.48 0.784991980156706
-112.33 39.38 -0.172847480237243
-71.12 44 0.770067586279592
-120.68 35.35 0.43645728106109
-86.55 31.1 -0.0639121490006999
-110.67 46 0.742617690550026
-121.73 46.78 0.0686664893444205
-89.7 32.72 0.17964178775291
-91.02 33.38 -1.31373713938807
-70.95 43.15 0.652874478146877
-104.72 47.1 0.879060792853773
-123.28 39.78 0.257526878695355
-77.63 39.93 -0.177838915326601
-111.9 40.98 -0.585428578587167
-122.33 47.2 -0.117203762845734
-95.63 36.7 -0.581866553382778
-119 47.95 0.498190365275804
-103.2 37.08 -0.761742479490174
-104.25 34.47 0.0404996031423074
-81.43 26.77 1.41242215177252
-101.6 45.05 0.647306415811001
-99.3 37.6 0.703463608390241
-83.57 30.08 -0.251883669557737
-86.07 32.07 -0.11620546500088
-99.38 41.77 1.09777572043266
-78.53 40.05 0.386601967663154
-86.8 38.17 0.277733867009292
-97.9 26.07 -1.42004336817459
-75.4 38.17 0.887024636522249
-112.43 34.65 -0.536818839622145
-109.28 33.05 0.856596724082822
-84.78 45.57 -1.03156991788047
-93.42 34.03 0.452027737684532
-98.95 43.08 2.57636035647343
-102.62 37.28 -0.406856583291872
-107.75 32.27 0.186287076243991
-93.3 31.92 -1.41708147687922
-120.6 43.8 -0.0137636278511508
-123.1 45.53 0.00159359111466335
-117.12 47.92 0.0665413426101673
-93.93 35.12 -0.361773889180338
-123.53 40.45 0.388495986005585
-109.72 32.83 0.875046859786834
-84.45 31.77 -0.715696475492754
-108.87 43.02 0.836430603510705
-100.05 36.85 -0.00357443376143968
-70.82 42.22 0.147390925563644
-93.55 33.72 -0.223669225562309
-87.93 38.13 -0.536490142517016
-90.73 33.73 -0.213310054277293
-100.28 45.92 1.06796347808201
-118.75 34.4 0.484499597328892
-110.95 32.23 -0.171428193562265
-90.57 30.07 -1.30232188511719
-92.82 34.37 0.73198524949165
-94.02 44.18 0.279736506458223
-94.85 37.17 -0.473102012734114
-112.48 33.5 -0.719644354519442
-97.23 32.65 0.930081440742465
-123.13 39.37 0.333732247816239
-96.67 40.65 -0.0225703153644279
-91.77 37.95 -0.383178349654624
-94.95 35.15 -0.503390651962566
-92.42 40.8 -0.547134988450491
-106.83 37.8 -1.14312472765557
-117.23 32.67 -1.05912996306377
-112.43 34.57 -0.23255217443203
-73.45 41.98 -1.4009733737367
-76.22 40.9 0.0357702337555518
-108.25 48.4 1.55099339633032
-118.87 43.07 0.0774132431364372
-72.52 42.77 -0.59853887790834
-95.38 29.2 -1.01501403607209
-97.95 33.87 0.668551799684954
-83.82 39.92 0.00159315182873439
-75.43 40.65 -0.280996883798817
-72.32 43.63 0.174922993535024
-85.6 42.28 -1.32357040365234
-116.32 34.13 -0.819628417001534
-91.5 40.28 -0.57942495528888
-99.92 30.33 -0.703047597279564
-74.42 42.02 -0.77845905567779
-119.68 43.48 -0.637806621906326
-103.2 31.78 0.316253246508691
-118.93 45.12 0.968405879513095
-71.68 43.98 -0.0891794811986725
-96.48 41.43 0.628242825392442
-91.5 39.3 -0.579225111409488
-80.37 41.77 -1.04715191402198
-112.27 42.2 -1.10094671790638
-123.37 43.28 -0.278260392010048
-88.65 37.13 0.442876512084117
-82.48 39.58 0.0816640555137272
-97.15 34.2 0.148646596132025
-118.78 35.47 -0.563154051855266
-96.3 41.33 1.03837907658839
-99.68 34.25 0.683856670560152
-91.27 33.8 -0.0762095034731669
-108.57 46.47 0.706761486524546
-109.2 31.88 0.958601340895083
-103.25 29.25 -0.829657265540074
-101.55 40.85 1.88294540841527
-107.97 43.97 0.859159958211717
-81.43 39.92 -1.11644473042948
-82.2 38.22 1.9897409593137
-81.95 33.37 0.652361449307587
-88.7 33.28 -0.100673969263009
-104.57 42.33 0.422789828449714
-79.63 41.92 -0.995164654571597
-75.42 39.47 0.0027734447745813
-71.48 41.98 0.655153746390421
-112.63 48.25 -0.300016501072666
-81.25 37.43 0.871615595584632
-81.17 39.97 -0.805484485387899
-123.8 40.1 0.402077655943495
-76.8 42.1 -0.97841402092204
-121.03 39.27 1.14960280916984
-114.23 44.5 -0.280018150476688
-93.97 39 -0.398775878132561
-98.68 27.3 -0.276327337570029
-87.53 38.03 0.0442937581788502
-74.53 40.72 -0.376571377140037
-88.07 38.7 -0.376180167636262
-102.52 40.85 1.02227523468021
-75.67 41.42 -0.820024249740316
-96.17 42.78 0.896682760232739
-97.42 42.03 -0.289915330644039
-69.53 46.62 1.17160966987193
-71.98 42.58 -0.332786852364039
-102.9 44.38 1.78531010289969
-124.37 43.12 -0.0997682628055502
-95.47 37.48 -0.482227128754015
-80.2 36.42 1.51862576686931
-110.2 35.82 -0.733773860859607
-95.27 39.85 -0.251703453332281
-92.13 37.52 -0.611840536756528
-105.75 33.93 0.60429506314858
-71.65 43.47 0.337797733448006
-73.08 41.2 -0.571174568613221
-122.37 42.22 0.733608764950681
-121.25 36.02 0.161229402896301
-116.75 47.68 -0.338230995470398
-94.18 30.07 -1.36133617215465
-94.77 38.88 -0.49302923752405
-103.65 44.73 1.86014908950919
-118.67 34.27 0.57726235162292
-95.82 38.9 0.237363847295967
-97.83 30.13 -0.115459934246568
-90.2 39.73 -1.07730616524217
-83.2 32.2 -1.10631667707552
-111.03 42.25 -0.572051228540755
-77.28 41.32 -0.373932230729315
-87.28 41.55 -2.0065764972073
-79.13 37.87 -0.506249963853893
-120.87 41.45 0.91812284857304
-88.17 38.08 -0.20402564304597
-77.35 35.07 1.83110427782894
-97.68 30.63 -0.112461433930006
-112.57 48.02 -0.248612719868141
-109.48 32.33 0.0583204656364938
-74.23 43.98 -0.299718718012223
-104.7 38.68 -0.694883776799439
-122.2 39.75 0.119712221426345
-81.72 38.82 1.66897066540907
-69.82 45.67 -0.163540966320026
-79.92 39.63 -0.176213782754488
-74.43 39.62 0.730143102145581
-105.8 39.03 -1.33319493357887
-113.25 42.02 -0.740317569600335
-118.3 34.18 0.47613221497125
-79.87 40.4 -0.207845767440828
-117.88 33.6 0.128679781218758
-124.12 48.07 -0.255964226518489
-76.3 40.37 -0.502293372153501
-102.12 34.95 0.196297848286374
-101.4 36.25 0.184936713466475
-100.37 47.92 1.12359683366579
-93.08 44.98 0.902678939565185
-118.17 43.92 -0.798727868663085
-79.4 39.4 0.130116121175926
-101.95 37.23 0.125073958759334
-112.12 36.05 -0.982865261097489
-82.6 39.72 -0.80942763309012
-97.73 44.88 0.921115315148352
-77.42 36.4 0.832346668111688
-96.6 40.53 0.692042134184395
-121.05 39.45 1.02447061917597
-86.5 30.52 -0.633790978974251
-87.63 45.1 0.347165966948537
-68.6 47.25 0.943337590567069
-92.37 38.97 -1.12835061874242
-116.5 33.43 -0.477120408103572
-81.6 35.13 0.926780816328728
-118.15 33.82 0.316314160023425
-100.73 48.62 0.257545437465336
-109.38 34.52 -1.02584185229012
-78.95 40.1 0.270505421859184
-110.4 44.55 0.866928356544415
-89.02 39.83 -0.749326601378676
-79.13 39.5 -0.470334544192198
-99.63 35.27 0.907855034145478
-101.58 48.45 0.367651668033761
-117.22 34.52 -1.33123300964657
-78.72 35.65 0.718599086913838
-89.05 33.67 -0.871160393147948
-106.27 40.73 -1.0234745654628
-89.3 31.32 -1.08255571334817
-118.55 40.07 0.333357625614681
-88.3 37.45 -0.644911877157323
-106.23 46.82 0.530319850129809
-82.45 34.65 0.323834472432283
-71.85 41.58 -0.0159431018010485
-104.37 42.93 0.981337640231359
-78.78 35.87 1.16211046188354
