1 0.603457166439554
1 -2.59499320613573
1 2.58210984128736
1 1.41710135639292
1 2.89176288641494
1 -1.5631595182284
1 -1.74044826285107
1 5.29849047769733
1 4.32706316267661
1 6.27852276734467
1 2.0453920581119
1 0.00905964464315479
1 0.114018612594774
1 6.31116335335674
1 0.27983004393072
1 3.08572851675014
1 3.29487072521366
1 -1.38738906319139
1 4.30865884442053
1 3.4788606275839
1 1.58954808758017
1 1.17740129638454
1 -1.28887365791553
1 -1.82825058778406
1 4.49514950012818
1 1.2626891593876
1 1.86600391205329
1 7.12930215173454
1 -2.24431055775152
1 0.0313538316306387
1 1.19479064690685
1 1.7566978773841
1 1.70049838546608
1 2.20113722352736
1 0.911594026551313
1 -0.271398351242048
1 -0.319151833070421
1 8.50586002539547
1 5.94182648055028
1 -0.408058083075082
1 0.0542563786226395
1 2.04199353733467
1 4.59345825961582
1 0.910571479705511
1 3.0023756298568
1 -1.52020757024874
1 0.354659866061219
1 0.735795580830423
1 2.6346770387137
1 3.41910431950467
1 6.12863057716043
1 -1.44005713312784
1 2.97266164613288
1 2.8934649776499
1 -2.19054702104433
1 -1.19590789180924
1 -2.41542439536641
1 0.792918768542248
1 -0.646603191335131
1 1.15741762605842
1 -2.03568114977293
1 -4.08604576767623
1 -4.35839318670872
1 2.32448289580859
1 -2.67008204282902
1 3.22751297345181
1 1.50371064629243
1 0.988093254757419
1 1.02509759889206
1 -1.80889790383297
1 2.70307805978728
1 -1.50515866450449
1 3.35417976732531
1 -3.52894444955109
1 3.79618406956263
1 7.35260104375201
1 0.95081166683748
1 9.98575479340529
1 3.73848137284195
1 5.21855423679426
1 -0.199359086609967
1 0.523255009643935
1 -2.43893074384643
1 1.89886039311796
1 7.41793497708215
1 -3.27008245858661
1 2.9479954740634
1 -0.960466433958406
1 0.191833071410375
1 2.22850278789313
1 1.95910090758241
1 2.06130414686061
1 1.05236938751022
1 -3.50686096218649
1 -0.153614045786744
1 6.3811927097099
1 2.4883843364463
1 -3.8109269551485
1 -0.230075830173011
1 1.96759287668037
1 5.19356228368963
1 1.68690224267042
1 8.4054556290871
1 -0.896666620944478
1 1.01940244258238
1 3.694772265429
1 -0.713571918308716
1 2.68134774781411
1 1.9516450180807
1 0.256370383718305
1 -1.15540759042646
1 -0.857819052442256
1 -1.12982790469087
1 2.03294145444161
1 0.142608791760552
1 2.44793214577481
1 1.10830978815692
1 -2.87054124400111
1 5.9398475829563
1 -4.37816051518106
1 4.20560343162319
1 4.55189169591815
1 -2.4583677728968
1 -3.82190606141365
1 -3.48866099245332
1 3.73730861838905
1 -1.75883526986181
1 1.70628619580413
1 0.233697893719223
1 -4.14423098608347
1 2.13155814664131
1 -2.79035745088518
1 -2.06815177770994
1 -1.40608839871375
1 0.394596096502258
1 -1.57849468873477
1 -0.00450118268274147
1 0.42573178888052
1 1.77572618689902
1 3.15535316160338
1 -5.56992737316622
1 1.97907417649092
1 2.46533402641922
1 -4.05399079164643
1 -4.90896707928086
1 3.07734518458241
1 5.8210490466926
1 5.55553146812733
1 1.54036333222771
1 1.42364240784794
1 2.95516520825917
1 0.0855095677381562
1 7.17675205945607
1 3.91176573059287
1 -2.66509199248327
1 2.89238655056225
1 1.61427843016285
1 0.576922981824304
1 5.62916568796075
1 0.396369317926685
1 1.08126433767949
1 -0.352011035179335
1 4.56339529430681
1 2.27909073627758
1 2.36558603545756
1 -2.8626161193193
1 2.78312654914897
1 -1.7889266746812
1 0.760192055093398
1 3.80075628640217
1 1.57212173819057
1 1.55197381031294
1 6.32824361584183
1 2.49403534365032
1 -3.34240973356383
1 10.6391063715692
1 5.38733452148163
1 -2.62465420523732
1 6.32277195357651
1 5.0424954885965
1 -2.67820159696248
1 0.341457029595319
1 -0.731590592339613
1 -5.32870720302764
1 0.699069380525392
1 1.42703174603686
1 -0.273870834377384
1 -1.83649704559248
1 7.20995695572938
1 3.38616587103619
1 1.33203944641801
1 1.45679611042619
1 -5.75384454186633
1 3.1202016899846
1 3.82221284289485
1 -0.0904697129555726
1 2.13940067489669
1 4.27818119812379
1 4.27853373084386
1 -0.62360956297645
1 7.58795061307844
1 2.90826409970432
1 0.144481939613139
1 -0.340722392925158
1 0.138863261271851
1 -5.61650025158484
1 -0.0986519735967277
1 1.87411987895381
1 2.6300972413835
1 -3.26126643072943
1 3.38435509594192
1 1.26338024199398
1 -3.58238224012696
1 -3.41190081999725
1 -1.81250752476674
1 1.646947745731
1 0.959278080770011
1 -2.0837810171879
1 0.517554186141097
1 1.29580961622684
1 1.81104839856432
1 4.46152944277424
1 1.71614714610259
1 3.50548162039332
1 1.96065447403135
1 -3.13252250313762
1 -2.55455419682717
1 -2.99732690801174
1 1.80982954109466
1 1.63418542885252
1 0.428589291106224
1 0.924770345173052
1 -3.72320678173269
1 -0.99182203714946
1 2.61157543702121
1 -4.12976716615071
1 5.23285030641614
1 1.05556502449714
1 -5.32630124220473
1 -0.385851573683668
1 0.873409759448203
1 4.79695513161388
1 -1.79746794222879
1 2.15935407115202
1 0.566486973598648
1 -3.39790152510253
1 4.11533842304762
1 -1.73042652337884
1 4.75147470858589
1 0.428017460870853
1 0.78399749011625
1 6.03478918218363
1 -1.36043517335679
1 5.34321650790243
1 0.670888681324003
1 2.74384685518669
1 -0.186609028578498
1 -0.770982624939386
1 -2.54171508441711
1 -1.67882205433288
1 -2.18192795271907
1 0.121835158672352
1 2.7742644972949
1 5.46892155311486
1 8.77384868710424
1 -5.68980880774999
1 -0.998593269342424
1 -0.23987283698294
1 4.84244184471023
1 4.09278181204872
1 -2.6361820817176
1 5.65369742153445
1 0.0215518507362467
1 -1.39449391860497
1 -0.977774295365682
1 1.0316118711828
1 2.3464329981931
1 6.67544155981935
1 -1.10832418254796
1 5.42016481866222
1 2.10271603610369
1 6.14312567871737
1 -1.40893636939553
1 -3.00449967627455
1 3.00963143836087
1 3.77119087727172
1 4.97207945163107
1 3.33376250491777
1 -0.641081361524261
1 2.49846892463154
1 2.46783198240888
1 3.15643076624265
1 -1.4843125834986
1 -1.85065093200896
1 2.75763120270145
1 2.52008261137337
1 2.10966691448836
1 -3.02490889157343
1 3.64817771492733
1 0.637763484372924
1 -0.165259549729136
1 0.120817404853792
1 -1.84431803438462
1 -0.0992852725072147
1 -0.974680613368845
1 -1.34472591360082
1 9.25448053918511
1 1.79645407574971
1 1.12809443842319
1 1.90323127112419
1 5.47504369823054
1 3.67187829746734
1 -0.197509630261331
1 -0.0531509074210593
1 3.06821714519063
1 -6.21145750698688
1 3.05424564069594
1 -4.72512291017968
1 -5.08764032394377
1 3.4291464658713
1 -2.50650996787519
1 1.95731673553282
1 6.13194863670876
1 2.7490247686595
1 2.42732297826225
1 6.47491562540774
1 -0.456765198687905
1 0.268014350697757
1 5.90897876324574
1 -1.30394345730121
1 -5.1552261247571
1 1.05042437190488
1 -0.369331243471482
1 5.32377182238969
1 2.12644350695129
1 2.86993555362883
1 -2.05298109733721
1 2.00567629602498
1 7.659016786241
1 0.217110502935896
1 1.97005561639282
1 5.30961503760157
1 -3.60735355882358
1 -1.53716869247157
1 -2.46091461530326
1 -1.32668386933349
1 1.08350313682685
1 1.55164191724797
1 0.00353249150131241
1 3.22892668032678
1 -3.87666757139813
1 0.907063741167649
1 -2.52045697518146
1 5.06971881224569
1 0.0943118908612376
1 3.56669758722405
1 7.82953865628426
1 2.11839368784023
1 -0.718566159524622
1 2.56395345904202
1 -0.546738053354169
1 4.5541652674009
1 0.782587435983932
1 2.76429205653058
1 3.94785876735672
1 7.21820542578465
1 -1.30097922113721
1 0.442145068388438
1 -3.74452418050386
1 -4.91161666848337
1 2.35363372762585
1 6.65551483107593
1 -1.60107081750762
1 1.45546157302037
1 -3.25083532648863
1 0.81199025593847
1 0.338553361714318
1 -5.03946288849271
1 -1.44846915798562
1 3.02864115224023
1 8.59873981672632
1 -3.21116235489157
1 -1.39435949162261
1 3.40515689740055
1 -2.55049882255454
1 2.47090230132322
1 -1.38126156471686
1 0.155473499390499
1 -1.87108892742417
1 -1.13505310114583
1 -0.950382793191159
1 -6.01044917745343
1 5.4070952550794
1 -4.18229540375799
1 0.583538844676007
1 2.68787189090129
1 4.110463338232
1 8.38230562174643
1 1.47345569204908
1 2.83234062422017
1 3.71449468903486
1 1.42771016446141
1 5.61144357473254
1 -0.475872894251722
1 -2.90943059658608
1 -4.71029109538858
1 -2.8248906620861
1 3.62778624400217
1 2.84547248949692
1 -1.71275344180994
1 2.36408489229682
1 -6.75963109342391
1 2.30511286152865
1 3.15325780537873
1 4.77321877012658
1 -3.17191924983921
1 0.838251678744556
1 1.768797715154
1 -3.6366742898254
1 2.9118459415737
1 8.26460269774572
1 -2.93774750799385
1 4.20335908592334
1 0.70144686062724
1 -1.44931020491756
1 0.813623883821816
1 1.45197960935055
1 -0.411767014008774
1 5.06622621005938
1 1.02217632099952
1 3.73209941866139
1 -0.195094807235168
1 4.23452466001895
1 -1.81069402554797
1 -3.72786124300734
1 1.32914863481783
1 2.65232913244703
1 -0.990435988267764
1 -0.0767030171448675
1 -0.89151421868416
1 2.48472036065636
1 2.21505431315576
1 0.636821430440503
1 2.72744872645607
1 1.08788991393888
1 3.8364179761685
1 1.49182874977735
1 3.3220304833273
1 0.625952708147048
1 -2.14556240263462
1 0.297917029633596
1 -0.294691076470356
1 -2.75591888042841
1 0.889591076801649
1 -3.55251877638393
1 -1.31873430616655
1 2.27533298119932
1 -1.04174015230376
1 -0.0542018399639856
1 4.79012728884159
1 0.692438766738981
1 -0.651135900080931
1 3.52151157616598
1 -1.0045577803007
1 0.8317983330254
1 3.02545653533637
1 -0.227311920764915
1 -4.33329380331017
1 -4.58655941530411
1 -0.63410863502731
1 -0.358689688353316
1 -2.84002181931942
1 4.14972699273329
1 3.72556674666717
1 0.221764298761687
1 0.337663779646579
1 -2.63494687929757
1 0.261958705416488
1 -2.21593843087421
1 -0.678907547044442
1 3.05250125496605
1 -4.4145223543392
1 3.18175571683808
1 0.547652344391546
1 -3.48215704253548
1 2.79518303773012
1 -0.667790658541211
1 0.0983968755582035
1 1.58973564084543
1 -0.0713836863889212
1 3.69310635054567
1 8.69823894115063
1 3.29625708321156
1 5.70744559377686
1 3.47955081946707
1 6.5596794096641
1 1.6166575466291
1 1.97238167062788
1 4.54037145512845
1 1.27481272352176
