1 3.72841525506771
1 5.26289936739031
1 2.28642597505319
1 -7.84074051885656
1 1.27902005708343
1 5.8538771564183
1 -0.772136944118413
1 6.67659380454625
1 3.28947140342935
1 0.779706175547033
1 -0.0506331453963986
1 3.94018989318769
1 2.65194884773462
1 0.874243847450849
1 0.699437126627387
1 -1.59707169299735
1 -2.73470564975378
1 0.989065917282988
1 1.06339224107505
1 3.27911116405783
1 1.55926310515288
1 0.442504846196302
1 3.024630162156
1 3.2558855208246
1 8.11794628481427
1 2.01025318217241
1 -1.53868092396496
1 -1.67599158781414
1 0.661457596532993
1 -2.80075844180348
1 -0.490483836326732
1 0.143422397649782
1 -3.90343957202165
1 4.79137324189125
1 -3.34738579871427
1 -1.17584549208044
1 -0.764430425756808
1 5.50709149498529
1 -0.217091125415191
1 0.223174092042375
1 -2.37280591575317
1 1.75895846658045
1 -0.199938324236614
1 1.75932765149831
1 -0.288223469266006
1 3.84129140677071
1 0.169094839529675
1 2.34280545575886
1 5.03629985036696
1 -3.76052447634176
1 -0.166463967418024
1 -1.77843549217115
1 3.57822198352312
1 0.0170114215966207
1 -3.4880836799204
1 0.844467567096054
1 -2.60997881246443
1 1.12019478249757
1 6.80063386681514
1 -0.609188908486445
1 0.0716117034454237
1 -0.138796341097249
1 -2.10663656377654
1 1.7218708223364
1 -1.58711342736896
1 3.56813932201357
1 -2.32767162544247
1 6.23794874455918
1 -2.2970484046734
1 0.132028474450495
1 1.70217237758852
1 2.48185309903222
1 -4.51563296203687
1 3.7088130690326
1 3.19920638496351
1 1.31613428191967
1 -0.118806626385754
1 4.07514497902828
1 4.43959520679496
1 2.81981094146818
1 0.681483760876862
1 0.218028534581984
1 3.00965200917326
1 -3.11881757068602
1 9.08712184346298
1 -4.1489448407347
1 0.655006732897379
1 5.7353808183056
1 -3.15501374916268
1 -0.0559141991688716
1 1.37485681785612
1 3.47151889626221
1 1.93684066715844
1 -1.54332325116451
1 -0.427577626764032
1 1.39154739572613
1 -4.15535369002235
1 7.89358321787442
1 1.54102751080296
1 4.5366964676321
1 1.49302081304597
1 1.72380058274132
1 -1.38779504450034
1 -1.77488913783811
1 6.15655662006927
1 0.434458967061804
1 1.44526387894441
1 -2.29722181542434
1 0.421349477484033
1 2.57120525086778
1 1.38255165622755
1 1.0207347303058
1 5.52133687411913
1 3.66218387525117
1 4.59150513420245
1 1.61554671348404
1 2.0111010975919
1 1.53004990293167
1 1.60022284635269
1 4.303078678157
1 0.832440113479182
1 2.18208067709458
1 1.73649338134737
1 2.38676170748267
1 2.11426502702333
1 3.83301823481763
1 2.90254390760222
1 2.86868619843421
1 3.36548317869497
1 5.68803331091946
1 0.303196435397155
1 5.42893754208942
1 1.39418368439518
1 0.530088304531434
1 1.76003868132075
1 0.0410051102608784
1 -3.28576733348426
1 2.83186897164935
1 2.96557583453775
1 -1.00570785033038
1 0.180613627264153
1 2.54424997800508
1 -0.770943035399586
1 -1.11981750209566
1 0.7660515575064
1 -0.897107583341269
1 0.264668659440758
1 -0.968584648732323
1 4.30622393006259
1 0.81372633830818
1 0.646123960541507
1 8.45530266763676
1 -5.02567453950038
1 3.11066703409085
1 -2.42507887581178
1 -2.2769182322649
1 -0.00153430972322388
1 -0.804551121811765
1 -1.83271645017618
1 0.719793390736347
1 6.26421127704115
1 6.22043223108825
1 1.42946723772491
1 2.58137295935067
1 0.203612530730204
1 4.64123859173385
1 5.93852903660764
1 3.20767012194698
1 2.33395263115946
1 -0.0972346576102421
1 -0.837146827453779
1 0.650628793597159
1 -1.72538848499259
1 -4.29090030279026
1 2.73946492820183
1 0.146540962181916
1 5.94432320725556
1 -3.31832432094208
1 -0.0181771899349723
1 -6.49744291067711
1 0.764004949522126
1 -0.184350602821271
1 -3.5138956770897
1 -0.519323031649718
1 2.37458194961183
1 0.440289408537208
1 2.99944891169236
1 3.23625165773461
1 -2.11223320325504
1 -0.507404502018347
1 3.26545966032128
1 0.766659597184089
1 0.576018232715949
1 4.15264875755945
1 -6.29853713900152
1 -1.28280025235039
1 4.13372943109311
1 0.281381406775239
1 5.12494764616175
1 4.03070744187188
1 6.07021061437596
1 0.647476574850865
1 3.08028105619655
1 -5.47847651965255
1 4.05752990706446
1 0.852135668980917
1 1.16636390938727
1 -1.83427010712837
1 1.3016429644689
1 3.01162526843728
1 5.90057538945615
1 0.249924737684588
1 0.809959333691368
1 -0.4028864590347
1 1.54632048511058
1 -0.971730975537647
1 2.15233574356942
1 -1.08562397611943
1 4.59123761043767
1 -1.29436357332273
1 1.57288168084779
1 -6.43070312642998
1 1.546309019493
1 1.75893803650354
1 0.577210735111049
1 -5.55354428230926
1 2.03187670527074
1 -3.61572988629906
1 -5.57480386593742
1 6.302410533256
1 4.70467734175483
1 -4.30343890306725
1 -0.80268013616583
1 5.51320192337742
1 5.27035597994457
1 -1.02828286096428
1 7.40595707536088
1 4.27078707034584
1 1.25022562389115
1 -0.552263133745976
1 2.77231768144339
1 2.24478171935832
1 2.35334482211139
1 0.754761092133726
1 -0.678448666468647
1 -1.95398332540527
1 -0.774422181441815
1 -3.18069452525946
1 -0.353585544222615
1 -6.15753627074159
1 3.44468182730643
1 -0.93904740984123
1 6.67953817340348
1 1.5635181674766
1 1.95280542624648
1 3.7424272705533
1 2.78062820356586
1 -1.63718540407563
1 -3.75940530020032
1 0.774620386178532
1 1.71486225531052
1 -0.745644535728506
1 8.2050727104249
1 1.11015362245983
1 1.53985120919421
1 2.8194017853121
1 -1.77791454094903
1 0.577917146546069
1 4.88910859986847
1 0.833462952086906
1 -4.61329255067858
1 0.164356906074659
1 -4.49388763422446
1 0.102266631873693
1 2.56157475315334
1 -1.78115338380557
1 3.73882845807524
1 1.96214697225281
1 -1.04847286652811
1 1.79726121522398
1 5.10640868774631
1 0.87947898101078
1 1.43329957827845
1 0.510227073381895
1 8.37195198858486
1 1.23741384013177
1 8.1878985144242
1 3.52757164746132
1 -0.178307408557496
1 4.21395281445471
1 -1.02486169385934
1 3.23830147819379
1 -3.86994657471952
1 -2.00305114702829
1 0.388691523234302
1 2.23406425934585
1 5.16983966400157
1 -3.79373434007682
1 2.80277771272546
1 -0.853864325006403
1 -0.283907507146996
1 -1.82993485889667
1 2.53176257096682
1 -3.22109727409081
1 0.996138222313779
1 0.00374827093179811
1 4.46561637813011
1 3.53975173032112
1 -2.30237300489964
1 -1.34722683429184
1 1.79896220681287
1 1.80827770205719
1 2.85553605536574
1 -4.74965998541406
1 2.31176948683075
1 6.67043446341868
1 -2.76282389306366
1 3.4650706268811
1 -0.414458616114866
1 0.907684256860667
1 -1.53917741663051
1 2.24660830373293
1 1.40350219661546
1 -2.07598667071426
1 -0.232008462804562
1 8.71147948040003
1 1.28422658696843
1 -0.305348257022124
1 2.80821836401626
1 6.53615484586303
1 2.51764636272996
1 5.0070869757059
1 5.66393765696067
1 -2.19776177642719
1 1.60879130959348
1 -0.353353064895888
1 2.46225225260536
1 2.69183025244744
1 -1.4073020847591
1 4.18160514279692
1 0.161622172571322
1 5.37806006681469
1 7.3420818751818
1 3.22552836086906
1 1.57497436414966
1 1.72826939157691
1 -2.47895874745019
1 0.414263600968245
1 -5.34109569346264
1 3.12831324587689
1 1.64873625394477
1 -0.343158903359742
1 -2.22527645081266
1 -2.44904670828895
1 0.762634538549046
1 -5.052178025257
1 2.35374095209647
1 0.907509048537649
1 4.07916328121078
1 -0.828050099976677
1 -2.30307154618853
1 1.26223916734884
1 2.27399260039723
1 2.34763888612292
1 1.09352436757673
1 -2.28890708557749
1 -0.815414458985843
1 -0.130726130290669
1 -1.71933414703179
1 2.74373390708958
1 -1.67559967621031
1 -0.87357055391029
1 3.01479636137396
1 1.11672065782416
1 1.2387999938317
1 -0.3280409793726
1 -1.10432752618785
1 2.02194033962653
1 5.77191732366383
1 -0.729530135643606
1 4.65852841578324
1 0.901586138876497
1 2.41531200246903
1 -3.17147845554554
1 -3.47961616122615
1 -0.186351547024737
1 0.760693949785062
1 0.966271768269618
1 -1.44548998510008
1 3.46741654926591
1 1.4928486881852
1 0.60099391052418
1 -4.3661347867134
1 1.27005691054742
1 2.85834671621292
1 4.57304729318068
1 1.9101545021544
1 -3.53034115266408
1 1.50289140907025
1 -1.42630814940968
1 -1.54310256406105
1 3.84981073531943
1 2.25526328007263
1 3.31519500665619
1 5.57218071736893
1 -0.783786496174222
1 -0.229546557988595
1 -1.60546642763845
1 -3.03079386075873
1 10.5506375336869
1 0.211832954578985
1 2.24913796119904
1 0.448621082097673
1 0.386268430427688
1 -1.31156469522659
1 0.855346882646044
1 4.25567295439963
1 -1.15211231831745
1 -1.37009802671341
1 2.77406976797302
1 -1.47742442054694
1 -2.49899897000908
1 -2.12973369599038
1 0.401940627896472
1 -0.8858754395792
1 0.585405789217672
1 2.89834464054816
1 1.07658195582139
1 2.12706316792238
1 3.69299877195663
1 -0.684114894058572
1 -1.49131098931418
1 -5.74313556328701
1 -2.50590156920134
1 0.720754694449565
1 0.451414146447709
1 -6.30075741396606
1 1.59971764166461
1 4.22122804598967
1 5.73726282237094
1 3.51199867785137
1 3.91034628339898
1 0.0511478175069058
1 0.640577453095193
1 5.73304270608646
1 1.75738240792395
1 4.17138859526063
1 0.427249680632544
1 -3.7816173585379
1 2.66647376788082
1 4.25548528684718
1 -0.0677435560378221
1 -5.80844335005131
1 1.66784258969019
1 2.72298408061027
1 5.37352388020004
1 -3.51417173020606
1 4.18097795601591
1 3.24017473055923
1 3.23310802042562
1 -6.44000829565124
1 1.35960933900659
1 3.15726725406928
1 -2.37193427498712
1 -0.332470735522749
1 6.26935506991968
1 2.53368144758444
1 0.434640338909579
1 1.26549546381919
1 -2.95023383035449
1 3.93195258925826
1 0.644953754141278
1 7.1021077565306
1 2.0292821860326
1 1.60811606337607
1 -1.50379746085722
1 -1.7594103231584
1 0.109769627741799
1 1.52828885956273
1 4.93390872255751
1 3.89316883026226
1 5.348804970108
1 4.44517673015936
1 0.212058076593334
1 -3.66726110372564
1 -1.96547345093719
1 -0.405635417992558
1 1.92685126342738
1 1.67792519450736
1 0.00681546496312876
1 -0.964480686847151
1 5.69175280332398
1 -1.91752215485324
1 -0.0289212245192727
1 -0.14780567774512
1 5.00735744610659
1 -1.45271986634986
1 4.39719957548459
1 -0.723950648139117
1 -5.58005906544443
1 1.91925468956063
1 -2.24123349141094
1 3.69667633450348
1 3.37897455227413
1 1.98720380150637
1 5.14458760648695
1 2.4692979492331
1 -1.47754447083743
1 -2.48684224431385
1 -0.528501855535537
1 3.6754234155187
1 -3.18996358828059
1 -6.31976876980871
1 3.06300482536592
1 1.78079062089488
1 3.31799616357039
1 1.62633981319098
1 1.49766336674435
1 1.73810465456591
1 -2.11976707317312
1 2.87161500712521
1 -1.05819740054896
1 4.08340637747525
1 -1.24279053531453
1 -0.317557628942355
1 4.80401392005484
1 4.83470550522663
1 0.820618796057009
1 0.190483174790746
1 4.24372948648896
1 2.02656748000212
1 1.3369958830883
1 -1.46045702025985
1 4.99607183348841
1 -3.19875634952857
1 -1.17513345003693
1 -3.65965521671643
1 1.92944819184591
1 0.919073568991312
1 2.93953045512735
1 -0.211257163704749
1 2.43948107824677
1 -1.45476650382282
1 1.72815975571075
1 1.51110923754044
1 0.950480051476571
1 -0.913154341389942
1 -4.57314532887746
1 2.12268233128162
1 8.34179955383474
1 0.0995055378326737
1 2.67263938453737
1 2.70331199974149
1 1.96493577536278
1 1.25988993040682
1 -0.326488231191334
1 -1.04409109733533
1 1.29526641545007
1 0.88770429753959
1 -1.00256284696111
1 5.60282313682021
1 4.51733721037577
1 -0.699377673925302
1 -4.30356697809759
1 0.842321284355434
1 -0.609618228346173
1 2.21216135287427
1 -4.55456540820003
1 1.73201283023564
1 -4.8860300727863
1 6.27023702735667
1 -1.40578389058372
1 4.26972685077372
1 1.41022072261888
1 0.950425713476688
1 4.71002805700485
1 2.38633172266533
1 -2.91486348720965
1 2.410301813027
1 1.21796452998679
1 0.932823290918129
1 7.55793149459702
1 -0.849888014486437
1 0.398878525088519
1 0.408967400596561
1 -2.26828860732362
1 1.72403503447738
1 3.59980414753216
1 7.73258003097269
1 -1.31767961770213
1 4.48023402430891
1 1.38741316971474
1 4.02929270528687
1 4.46919607207899
1 -2.8802152731826
1 5.20936506223253
1 -0.105081478294459
1 -2.69989505974825
1 2.05315475854387
1 -5.62489533311431
1 1.2432283057206
1 -3.09089337586293
1 -2.08312139744983
1 -0.35449669752141
1 4.14565672070964
1 1.65716747779123
1 1.4192144573855
1 -0.401419183563135
1 -1.60221944097211
1 1.77273709055506
1 -1.15348985765377
1 -0.308161388257658
1 1.98814091725132
1 5.11737422534782
1 2.20899419133717
1 4.11401677622922
1 -0.704112072005174
1 0.0661765230351271
1 6.09831530776045
1 4.9465508733538
1 -0.197392739003478
1 -1.07607690680742
1 0.43051321868397
1 4.31089437742548
1 -1.68700317628968
1 -1.52031234303365
1 0.367861105371523
1 -8.53367208452383
1 1.62581458121546
1 -1.74556981889901
1 -2.70814418888483
1 3.05623667269694
1 -2.36171697615866
1 1.56338554974472
1 -2.15573599240234
1 0.0136636947194154
1 -1.10262602923925
1 2.33227891288365
1 5.7975624488802
1 -2.33104196772152
1 -2.94653225728551
1 0.25833490912078
1 2.74751777427449
1 -4.77372195798312
1 -2.48292151882514
1 0.715970435882265
1 4.13194894247991
1 1.47996730425903
1 6.08588179675741
1 -1.18247540441086
1 -1.07213399596545
1 -5.73689801442139
1 -2.7018178047574
1 6.66105987124338
1 0.643120840556289
1 1.77228400849172
1 -0.393103956750422
1 7.5525687705287
1 -6.25901975517411
1 1.43406707387034
1 -1.29205632457754
1 -0.407896317979157
1 -0.18150586452046
1 10.2862593041171
1 2.44657557703509
1 4.19978249183783
1 -4.40156071093135
1 2.43725940366602
1 1.11646369116658
1 4.80523291319668
1 3.71987213768394
1 5.75481693504761
1 4.87309388863238
1 -5.17733348860642
1 -8.75397379468392
1 3.11447453518626
1 1.56272825269883
1 1.88434295617163
1 3.61107289549177
1 2.10171317664341
1 3.40269793122954
1 -0.831994396686248
1 2.69191234790165
1 3.43052323446148
1 -0.00245223526285288
1 1.72776841529348
1 -1.04375901211426
1 -1.73962969460622
1 3.1209157090288
1 1.642351448372
1 3.11744177059547
1 1.78925787623749
1 -0.967390032589894
1 -0.511955078611464
1 -2.77350811277083
1 -1.5886367551705
1 0.454878534484223
1 3.4721952655247
1 5.31488744289372
1 3.25608958905594
1 1.88413805987009
1 4.02408944427833
1 -2.10401678957861
1 3.05846160234069
1 7.69880516707044
1 -5.77553930825646
1 1.95731380022433
1 -0.391519040333624
1 4.64792606974659
1 2.36452525086272
1 1.71708265293573
1 -0.0572481977535624
1 3.3617096934277
1 1.71266177864378
1 6.44736678068878
1 -2.15139717246916
1 -0.256594262965844
1 -3.87056537634876
1 4.13803408763827
1 -0.285971874440961
1 -2.26559011112326
1 -3.09276161694538
1 3.23113336535219
1 -1.56400200251592
1 1.2791164838441
1 -3.60676405321447
1 -0.256644908102918
1 4.09429836892553
1 2.51060701433174
1 1.70096635777552
1 -2.99159614548628
1 1.11671269374881
1 -3.3206475679225
1 2.77209607661919
1 -0.468640168488517
1 -4.67623080137605
1 -5.57911864283797
1 -0.944861968827121
1 2.85510670694834
1 3.56758746421557
1 3.29768224495284
1 -1.12696879889198
1 0.267793819864168
1 1.98754795064145
1 -2.96486678883836
1 0.706684071234567
1 5.70307837089582
1 -4.9670421509962
1 2.39644206364347
1 -4.45001470664911
1 2.21132265626561
1 3.87294618541119
1 -1.82137860992654
1 -0.498783989778963
1 1.83690395772422
1 9.36361293313582
1 -6.72195707130288
1 0.643716495472713
1 1.69466394025831
1 1.8916822101845
1 1.22255758939084
1 -1.30910388757969
1 6.25454514787602
1 1.24706986748501
1 -1.97398049863982
1 -4.466752797103
1 -1.00457746688949
1 -1.67182009870147
1 -0.347389989021527
1 -2.19734507148824
1 1.63794483662957
1 0.658643872768711
1 -1.29412547799659
1 4.05932183329424
1 -3.74046139769591
1 -1.67500900218117
1 -4.18132520402807
1 -2.23704932754619
1 0.15402074297551
1 1.44596839661795
1 -4.13450185848132
1 3.26323027054076
1 -1.28470197264129
1 0.139163704821192
1 4.78682885692018
1 6.75379856176952
1 -4.42774889986128
1 -2.21213863977304
1 1.06960978581416
1 0.692587765220884
1 1.52643396457418
1 -2.87841318253951
1 -1.1913584357953
1 2.44558248805156
1 3.71088492637643
1 2.17074352645786
1 2.32630605915342
1 2.10505581622642
1 -7.40056136503814
1 1.71889884342202
1 7.80796144639621
1 -0.294754767851349
1 -2.0703731457232
1 3.99502454743839
1 2.71096592064128
1 9.27748291198128
1 -4.47770333769376
1 -1.60518626042054
1 4.94083726607326
1 -3.70838442125053
1 -5.08416415816005
1 4.15154457456962
1 1.43077571888519
1 -0.102819831262665
1 -0.325292954717303
1 -1.47217064160274
1 -3.67428926474895
1 2.61859822599506
1 -3.82542910863917
1 1.23674766526959
1 -0.963370331012383
1 5.04201327379505
1 3.54107260032376
1 2.63003207612308
1 5.71648946648553
1 -5.69301260568943
1 4.55417407734152
1 -5.68497694063332
1 8.02400325531804
1 4.22531550281549
1 2.84756142140399
1 -0.08361839531747
1 1.29729985281634
1 5.60657020855701
1 4.37766158452691
1 2.35080454911082
1 0.153138344395367
1 1.37865527299105
1 2.99347274816957
1 -0.7182226307903
1 2.26484171993957
1 -1.12040142577001
1 1.19953393896064
1 1.97166250312929
1 1.14775401701654
1 -0.928944948184512
1 -3.29043873235436
1 -1.21702979166358
1 0.0492148626121109
1 2.03350378989047
1 0.426510152625982
1 2.57675131069607
1 5.53363736165487
1 -1.75899492287717
1 -1.35945415570836
1 3.99427310558412
1 -1.14339058482232
1 3.14876531627428
1 3.10177567559115
1 -0.0623455329835658
1 -1.4695189954067
1 -0.86719175050353
1 2.00604918736772
1 -1.51101155765297
1 -0.607507931312031
1 4.00404404198509
1 1.58027498261138
1 3.50231046492711
1 0.740707975527108
1 0.229141020264386
1 2.96346204936483
1 4.17965099852371
1 1.08136598208044
1 1.58661204266181
1 -2.96671895836093
1 0.959108018761466
1 0.169123487675692
1 -6.06466516977859
1 -1.10987265153971
1 -4.22080699444876
1 1.0438376341933
1 -0.255170420905927
1 4.88749372223127
1 -0.877965040673029
1 5.49924509216599
1 4.26124255465791
1 0.618963493636674
1 2.57187219285513
1 4.22647843938587
1 2.59460554442364
1 -3.40307196419378
1 6.81290749986117
1 0.153063538540781
1 1.85264370910135
1 -1.52063627936249
1 -0.731712913800988
1 1.781330285425
1 7.66513918167002
1 -2.00004016944161
1 -3.82766880821236
1 1.84626565562123
1 1.12682291018822
1 2.69757613754618
1 0.253229700352417
1 -0.543396919607601
1 -1.23048670003139
1 9.28270711399598
1 3.10106773998135
1 -2.78403060466509
1 2.5030137040184
1 -2.76155004193581
1 2.97303987565451
1 5.73984995906043
1 -1.03254179454547
1 1.46716832035384
1 -0.286274328005579
1 0.185810136449692
1 -1.4538806510147
1 0.346506245807017
1 -1.89449125750945
1 -9.3539801771664
1 -0.739298927700244
1 2.92504046699786
1 -1.34790309341066
1 7.5865522303735
1 3.03685201579018
1 8.81279232515458
1 -2.62585000309599
1 3.96659613134787
1 -1.43058328763156
1 1.66874389663511
1 2.79032410366774
1 4.88977776419343
1 -1.83352709535224
1 2.14400633936635
1 6.64643871995665
1 0.748395301442275
1 -1.33665422156778
1 4.84953504493953
1 1.69617504095605
1 -2.18813494214802
1 -1.56981277511815
1 1.53925177936617
1 -1.74879826484802
1 -0.137688401025753
1 2.99162234800368
1 1.3671526378899
1 3.67241558790739
1 4.88372172628999
1 4.50218524385113
1 -1.09093279834217
1 -1.15127066841301
1 0.50704566825169
1 5.57641476286966
1 -3.34627371997945
1 -2.14279282997682
1 3.13920663395521
1 -0.524018690369908
1 -0.736190213420888
1 -4.45705225885768
1 1.02799066376145
1 0.375244965381748
1 0.645292666006605
1 0.0322738102178335
1 -0.546893479980186
1 0.411809883250578
1 1.70380361753492
1 -0.566973035548393
1 5.45554162796972
1 3.70195001521226
1 1.9262288118901
1 2.88034522597373
1 2.95207742861605
1 -0.340531621888186
1 5.33199157967564
1 -3.14391254049504
1 -1.05930547276124
1 -3.0359744155123
1 8.3916969316134
1 -1.37969470607318
1 2.0281050286309
1 -3.02484923456897
1 2.24245083207168
1 3.46475394394035
1 -2.72581542644493
1 1.87777751300634
1 2.1117137854792
1 2.07249617360097
1 3.15763524068775
1 4.13969787675227
1 0.144898636527247
1 3.54618732768411
1 4.34680821580307
1 3.84889967214807
1 1.81295609839653
1 -1.46675568789536
1 -0.237402465606821
1 4.98528167940798
1 -0.25278114104045
1 -0.918556341113017
1 -0.0914070379193586
1 -0.116258074436604
1 -0.878112940092895
1 4.67611068983074
1 -0.614793759586888
1 1.17074002404114
1 2.77606776105211
1 2.75262258870249
1 6.66575306135557
1 -0.098616037706959
1 0.287837431587985
1 3.42999429286966
1 0.446543126462164
1 2.45358473456595
1 1.77823826534423
1 3.29828997578241
1 2.70998694863227
1 0.804874943742988
1 0.127718620322271
1 -0.594529161573836
1 -1.96457325478739
1 -2.81097898706849
1 0.0135440371129619
1 -2.91384898753906
1 2.94388171158037
1 -1.08122973249526
1 -1.46822404552224
1 -1.73413340073479
1 1.94684111953422
1 2.30915167226211
1 1.84583525029406
1 2.65368057989501
1 5.37657308111348
1 -1.84709660914202
1 -0.37927418004783
1 0.194227424150339
1 0.0116000600084545
1 0.722291005469785
1 3.12481511991115
1 5.66976382851438
1 -2.68671226539361
1 -5.06350898269238
1 -1.61488461392989
1 6.72663148554401
1 -0.431310143492448
1 -1.04547174112325
1 -2.31208380974751
1 3.16770425857582
1 1.46333917622805
1 4.30403988150943
1 3.42969499295471
1 -0.464268394197388
1 1.69858479536014
1 -0.165101022805187
1 4.06346989165059
1 0.585257948612924
1 0.686385852271017
1 -2.10456555928764
1 0.669360153472685
1 1.35877385415477
1 1.00808705522389
1 0.484257809537291
1 3.31747085711648
1 -2.51142429331923
1 0.0971511080741603
1 5.30516870920523
1 3.78245892645072
1 4.53564750548057
1 -3.15480161065741
1 -1.16348342485417
1 -3.01150973094113
1 1.46423651686975
1 0.752717870588092
1 -8.13669182558862
1 1.25596404000186
1 5.08887250969048
1 -0.69001197851048
1 2.76062288906441
1 -1.18514904563951
1 -7.17058702354606
1 -0.369933440025926
1 -2.40479966243133
1 2.06005446066046
1 4.13655116853175
1 -1.27466020436479
1 0.933754960965072
1 -2.09486577401025
1 -3.75080849211873
1 3.81194794084672
1 1.12217041484982
1 0.780905142713661
1 1.89413211078998
1 4.20204542009716
1 -1.91555360811373
1 3.1974874617037
1 3.07762757247284
1 -3.44416541546658
1 5.10671421658277
1 2.03638134073821
1 1.12990419512029
1 -1.79844331131113
1 -2.62923382041898
1 -0.0240911176466967
1 0.0928672406929265
1 -3.20158765743844
1 -2.47427368018157
1 2.06175679867763
1 -0.646640795028406
1 5.52129934631498
1 9.1040413436497
1 1.45845837070127
1 2.61918412928439
1 -0.837030194941969
1 2.36625469240968
1 0.0954009850502245
1 -3.22007279718086
1 -2.09815371520337
1 -0.328661839034638
1 1.42466187507095
1 0.24801891133715
1 6.36538055263908
1 0.765546551603523
1 1.53637261848732
1 6.64889073014684
1 -3.56700315349911
1 3.11426923516757
1 0.0814140648213865
1 0.145928418559269
1 4.33520916329331
1 3.99483794569239
1 3.61067284624817
1 -0.0681893684542619
1 2.94576101025201
1 1.22783600446857
1 -2.1079357285859
1 5.86896337888831
1 2.77477185488169
1 -0.499630045979286
1 1.00756971557926
1 -1.00545466661198
1 2.817160746952
1 0.00793768398304184
1 1.19239880164429
1 3.64002860517553
1 3.68991798228705
1 -3.29716199117037
1 -0.108696399826856
1 4.99293023319056
1 4.16083072801186
1 8.24975640487422
1 -0.0774996990065411
1 2.4593584306199
1 1.70888747160989
1 4.74890788482207
1 -4.83572423102875
1 4.68310120935879
1 3.90657773391397
1 -0.492521521492161
1 3.33377467555783
1 0.341211595423262
1 -1.60512680401696
1 -2.66500198064941
1 3.47881455135348
1 1.70559886148926
1 1.56260714015833
1 2.38364034094546
1 -3.15361592766072
1 -1.86188260169932
1 0.551432134429783
1 -0.917825030113461
1 8.38852931360498
1 3.96520980726765
1 2.2288702001457
1 -2.73783292336333
1 1.51132745535587
1 0.565231744492287
1 5.13505106194258
1 0.8168829421856
1 3.8179814410899
1 0.278690164333705
1 -0.0765019082131115
1 3.78426185145124
1 -3.43372333031645
1 -4.59484478600217
1 5.62323948041504
1 -0.738982673411932
1 1.10728079807589
1 -0.0426426314241486
1 1.00488460163241
1 0.695657646462029
1 3.15733436145487
1 -3.06415436876143
1 0.178206317269508
1 1.48311375556543
1 6.36759994507798
1 -0.358043317461976
1 1.80964685232287
1 -1.47914850510509
1 -1.18119436474466
1 1.06806924906468
1 1.07335529499381
1 -0.265957513273206
1 5.30265698425906
1 3.3735239506929
1 2.64622963651224
1 -0.563282838960836
1 6.01926795652021
1 2.56230828068088
1 0.314741526033021
1 -1.5084489511904
1 4.50234452871229
1 -4.91463520003478
1 2.35197520378098
1 3.20175963646936
1 -4.14197734116182
1 2.11064311221248
1 5.23539496852568
1 3.66949990711159
1 0.00176554395444861
1 -8.16718755865145
1 2.4542173737597
1 1.7306393877656
1 -1.7499372924017
1 2.38322763395679
1 7.39368731554014
1 -2.34519469529625
1 -1.32208827467384
1 2.47023947880762
1 3.73703558900543
1 1.44752234177818
1 -3.5466064892373
1 -2.53640984556482
1 1.7834946781506
1 -0.981707545259064
1 1.43851612203749
1 -1.72719301316023
1 0.908171492331517
1 -3.0505464320269
1 -2.21093205088392
1 1.73272581835505
1 3.96036284367205
1 5.4393603605645
1 -5.65556801469282
1 1.98708269180158
1 -0.138951142988298
1 2.15812798322657
1 4.02712244815664
1 -5.87962888359148
1 2.03078939767563
1 -0.0565271058504671
1 -2.93468068559377
1 -1.56051687305601
1 2.21926136301418
1 0.753974517335805
1 0.840923529547806
1 5.21919793204723
1 -3.95517118061346
1 -3.38593393891309
1 -1.57377283756776
1 -1.11076008366015
1 1.36710165067853
1 2.66148813815314
1 3.44138642001038
1 1.94246778217101
1 -1.22016343646434
1 2.57226035638804
1 -3.49769892024489
1 4.55273788057804
1 -0.0263737148823685
1 -0.454334413134584
1 -0.460012158436717
1 3.00317682389967
1 -0.25477192690779
1 -1.21390188048227
1 2.55478247915548
1 -3.00528787124891
1 1.8909659370454
1 7.33241282989643
1 0.202752383032491
1 -3.20441336585432
1 -1.64921486454147
1 1.9311820431392
1 0.292816870297716
1 -0.362481763277042
1 1.56734770662022
1 0.422538177717602
1 2.42431164048399
1 -4.65669868668277
1 4.16866456798936
1 -2.70883454867474
1 -0.571653214867839
1 -0.717094088905314
1 2.44487286059042
1 5.1094101095181
1 3.78555520094102
1 3.71586314180515
1 5.18169663953904
1 4.83857337651432
1 3.71716097373725
1 -3.00168131694018
1 0.768868181962021
1 1.60408814023478
1 3.31959698615779
1 4.40129302483569
1 -0.427226423051026
1 -0.267028785773723
1 2.18767610121205
1 -0.663520881063297
1 5.73349647819445
1 4.4854654527673
1 1.74663839312843
1 3.48278745272403
1 1.11608903723718
1 4.10842527388551
1 0.42982034259396
1 -1.28157210538518
1 7.82153529668938
1 1.34660814069836
1 2.81551656050178
1 2.38104925525967
1 2.24330905551871
1 1.28278359408777
1 3.26712714954078
1 3.02631351525821
1 -1.52724625669328
1 4.04754980943221
1 -0.213127823979673
1 1.80399711338761
1 2.19287707052472
1 -0.755391256020977
1 3.529299993918
1 -1.27439848708467
1 -3.037933191723
1 -2.0817348133438
1 -2.46319473127998
1 4.40728902493544
1 3.6980243493937
1 -2.84022668843623
1 0.776594986343225
1 1.3524263917814
1 0.441709384223712
1 -2.00169982125747
1 1.47334408286635
1 -2.36638800655403
1 3.63880686720944
1 0.408370357861452
1 1.07848960980557
1 0.867558788770752
1 -4.11284397386436
1 2.43511907175639
1 1.43537212603703
1 1.66101084208981
1 2.87028945964962
1 1.753147555906
1 0.91783654841705
1 0.582887901548999
1 -0.200387588272419
1 -0.0333671123927228
1 -3.84050648399907
1 5.94494849176948
1 4.53044576800198
1 1.47863363413802
1 6.52750730896787
1 4.1294423562774
1 2.41796045851683
1 5.7404187012233
1 -3.91926446972999
1 0.514487817973107
1 -0.354028073223284
1 0.816361827612526
1 3.48032437529131
1 3.39341292708865
1 0.793978988664745
1 -4.99559451410561
1 -3.67957705387221
1 -2.48037669293189
1 -0.752017690468552
1 -2.41806049655833
1 -2.22473396572631
1 2.42323878936042
1 -0.120546623685228
1 1.73309359411359
1 0.709894651752714
1 -0.652439625804424
1 -0.708222516472729
1 2.87050360339757
1 -0.337663561725499
1 4.444538413521
1 -2.11453610289542
1 -1.61222887897582
1 3.56920237162917
1 2.99214050141576
1 3.53553609308108
1 4.10021316893625
1 -4.18809291792983
1 -2.34963862743903
1 2.83950305133359
1 -2.23074048171172
1 -0.178727975147717
1 -0.336172297448461
1 -1.41045314214456
1 3.26870269753657
1 1.34235484758999
1 -1.62688681124033
1 2.51580966722896
1 4.12265473331016
1 2.38304793024648
1 -2.75799129043948
1 0.00104561025695965
1 0.0409409461570485
1 -5.91372739231474
1 -3.40609610115487
1 -0.69393426439191
1 -0.559763979464508
1 2.44950997709656
1 3.95422469643481
1 0.553916724932924
1 4.35940743148241
1 -1.0021077548408
1 -0.0707046726042444
1 -1.83498622627284
1 0.633431123823515
1 3.64158154121021
1 -2.36829388684409
1 4.76692986631579
1 -1.36017743033577
1 5.37957393355048
1 -1.615958894953
1 0.805547608720061
1 6.58922968347475
1 -2.83661996523609
1 1.49164019211341
1 6.56330171615287
1 2.52105753667293
1 2.7487720972114
1 -0.44504674343408
1 5.42501360058251
1 -2.0372081957393
1 1.41162559431014
1 -1.58215812736768
1 1.51862435877926
1 1.14351214708991
1 6.23272628988031
1 0.687794556373303
1 -1.07418225442044
1 -3.72998587587021
1 2.28016387546494
1 1.45520760854461
1 2.70914282205505
1 0.285803465015456
1 -1.38201584674616
1 4.71053448167567
1 0.390347471439436
1 0.179024880561884
1 1.48459617695168
1 -2.6371279816003
1 4.50341951047827
1 -4.57304095932034
1 -2.46924063492319
1 0.761230975510813
1 0.70377057296853
1 -0.00507588764196809
1 -0.100699736940473
1 6.30555535534875
1 6.374632774562
1 -1.7257682803952
1 2.78469068094308
1 3.74995275782128
1 0.434412412834757
1 3.82579019728292
1 -0.996550558051688
1 -4.36385875379784
1 0.696545600417911
1 0.85786591489932
1 -1.76884792452921
1 -0.119477755499734
1 0.0686342288984442
1 1.70704823445503
1 1.35563860022778
1 6.67274895950356
1 -0.837099178482415
1 4.86598579532816
1 4.63669757167257
1 -2.47419972127005
1 3.57832861270123
1 0.887606550114427
1 4.12662159333373
1 2.64417704591091
1 1.61595296180837
1 -0.460905885798291
1 0.230043820750133
1 2.50351052421785
1 -0.836753782645127
1 0.215228888808934
1 5.81451915454798
1 7.01100637503839
1 6.69335526643683
1 2.98703205807523
1 1.17679595638658
1 -2.6555750302255
1 -3.03226180749861
1 -4.7426953885461
1 2.38145942231525
1 -2.91672590484116
1 3.33253413865363
1 1.35428458671873
1 3.11941000180583
1 1.48377216369732
1 -1.21024676891021
1 -1.76849042834013
1 2.18715722038791
1 2.07788543644664
1 2.02291654274874
1 2.98766833961121
1 -1.12152402006449
1 -0.228476718558783
1 2.89429377541199
1 0.589460029298561
1 1.6935243964159
1 2.25917070006425
1 0.972501923168265
1 1.98221513409881
1 2.29525246363114
1 6.35257860793733
1 -0.668733203074786
1 3.33672683158653
1 -0.558810071580021
1 0.502195874956522
1 -1.94343371865062
1 8.95921253228483
1 4.08576318149886
1 -0.241208576333628
1 5.35453547604164
1 5.0235705560711
1 -4.11491990809798
1 -0.72939927573922
1 1.79873172959842
1 6.40730704439689
1 5.41901389027902
1 1.56670267012135
1 3.47427719268111
1 3.69162426701525
1 0.547008952116099
1 -0.249942083923429
1 -5.68718544820844
1 -0.798996968256288
1 -0.53511753173369
1 2.58940195984042
1 -2.3097466346791
1 6.59570005697018
1 2.75115429509464
1 -5.09743349712878
1 0.348750526361186
1 -0.634385893896435
1 2.88119684567818
1 2.13966337893562
1 0.470894734724823
1 -0.650189770366478
1 -2.17386384867535
1 -4.88905142749528
1 3.7203301606646
1 -2.20351172016086
1 1.49730248985354
1 1.18230887733833
1 -1.07347732287563
1 2.46015108997703
1 1.48202258185466
1 -1.94237012896801
1 1.55825828737795
1 0.155213692396176
1 -0.999063297760733
1 0.706399631632496
1 0.631660225931419
1 -2.29942071414955
1 0.315877793166013
1 1.5967955610086
1 -0.855158897531832
1 2.47188598911438
1 3.88363398184502
1 -2.04381458081404
1 -2.67659602598371
1 -5.90417324681918
1 3.83360786395221
1 0.502047401163444
1 -4.12188868627702
1 -2.12561215483935
1 -0.0943324531273759
1 7.42727535062259
1 -0.683201958732531
1 -0.416561497888366
1 -1.08244926343737
1 2.27722954549894
1 0.761874349481358
1 1.47629682182467
1 0.231321276653434
1 -3.76594610349722
1 -0.42987012365326
1 0.520734266107921
1 1.21454608853192
1 -1.69002968924649
1 3.10096623599019
1 0.781965746035894
1 7.91876778456632
1 1.49689521682132
1 3.84807779346268
1 3.31933235110444
1 0.606505931232273
1 7.91539366012272
1 1.68449732202672
1 3.46029831748725
1 0.799746274440513
1 0.740616581996849
1 -1.37190998035499
1 1.76309748518549
1 3.15906575479316
1 -2.07845887335658
1 1.9411570504761
1 -0.123878718858926
1 0.128831650152127
1 0.919042411669538
1 2.16777071514569
1 3.28597520081547
1 -2.63088066213653
1 -0.139588871035692
1 6.24820616872952
1 0.640640648208494
1 5.38593150718639
1 3.42726427038568
1 -2.70031095858474
1 -1.85947140250694
1 2.68248146235555
1 -0.200097102961384
1 0.198378945678444
1 -4.85512372186594
1 -1.05899721985553
1 3.69133992868286
1 1.46368603734417
1 0.00611371668412919
1 1.51639333566662
1 -0.276649339200525
1 0.157280975392182
1 -4.79293721115311
1 0.80414752164963
1 6.06664396732676
1 1.51382693831085
1 -0.927374782726598
1 1.91923892742798
1 -2.3453093345163
1 0.918407753661021
1 2.61827642007053
1 0.506025542280037
1 3.79753565899364
1 4.67769157660925
1 4.76024532806315
1 0.959667073978044
1 -2.54212269496423
1 2.08344462349219
1 4.22287591751668
1 3.47244515729223
1 2.70045880431427
1 2.93462112000889
1 -0.342483890810781
1 3.06247567870594
1 1.56349482088294
1 0.527927050701723
1 0.177309732742705
1 0.500929374758486
1 1.85767642848311
1 1.04155916934889
1 4.30897902924634
1 3.44187339034047
1 0.493140032903051
1 -2.56680234612373
1 -1.53987772545328
1 -0.944948007081349
1 3.42814860135644
1 -1.92487461575613
1 -0.507599645782215
1 5.30036035659591
1 -3.49883294650333
1 2.65667556654446
1 3.32710382425717
1 4.45328647487771
1 2.45981491432797
1 2.47527044921802
1 2.65301995910449
1 1.92129473184836
1 -0.792011613975185
1 -0.170486743994464
1 -0.166006979447889
1 7.12155703033702
1 0.64160058212348
1 -2.44857400317825
1 7.58535136267537
1 -3.36614101459898
1 -2.80033405253327
1 -1.53142325437239
1 0.303921926665825
1 1.0445841407322
1 2.78332016063451
1 0.0478415258447984
1 0.26936476526538
1 -5.98349704495957
1 1.86591215615322
1 -2.60725208183052
1 -1.10797170483424
1 1.78521975601726
1 1.09116816761089
1 4.30837475784327
1 2.40260289901381
1 -0.119417947398249
1 2.87381910435884
1 5.61589838398607
1 4.33241847227654
1 -4.22816880459572
1 0.700108609034443
1 -0.956654967840933
1 0.464503470384576
1 -2.08786523727501
1 4.84099569356321
1 2.07533217760498
1 1.58521657217133
1 3.13120116292585
1 3.63289834617543
1 1.78996348190344
1 3.73771236240357
1 -0.0826201477347311
1 2.43549583972563
1 -0.343940650486953
1 -1.07938781364736
1 0.997940441641197
1 -1.11582697601282
1 1.3018983272723
1 -0.0625635292421592
1 0.629460700718246
1 2.43705674406687
1 2.34896568728094
1 4.38280187009468
1 1.06077022778691
1 1.56116588091969
1 4.76812365317202
1 2.48669544569234
1 0.194733902999855
1 2.41111528062464
1 6.10379706457081
1 6.6779681123906
1 3.09365064094267
1 -2.70468290837035
1 1.68588649823861
1 0.889706454445162
1 -3.31227838662069
1 -1.13080021757065
1 0.138404694756047
1 -1.47094566104944
1 0.293223455245318
1 2.28924530467265
1 0.392118703018233
1 0.911508145848577
1 0.909008638543476
1 -1.1671749599606
1 -1.98430057843689
1 -4.38673235849874
1 2.91773078740716
1 -0.0462043434120223
1 4.01121356733194
1 -1.5758235288248
1 -1.77860984229419
1 1.67313272971593
1 2.77874204530525
1 2.19000425221371
1 -2.99105599845776
1 0.875789277971669
1 5.53892014904855
1 0.620149067509159
1 1.18064444410131
1 -1.93299368741179
1 3.98605322581461
1 0.258686484359455
1 3.16151437255365
1 2.55215243360205
1 3.56125277486628
1 -1.3970227139162
1 2.46416338118396
1 2.81791487864919
1 0.538577962744598
1 0.606188469608166
1 -5.09945721979542
1 1.71352557612838
1 2.43409474808392
1 -2.48700849116019
1 4.05348849568614
1 2.53291227623447
1 1.45679759406018
1 6.82798991922577
1 4.9904597017541
1 0.601510990558941
1 8.04652046023192
1 4.78617887969041
1 -0.751773215617281
1 -1.97974430185035
1 1.03518262570842
1 5.15526784660776
1 0.479876308012083
1 0.915238268425032
1 1.18499714005612
1 -0.842137505137381
1 1.43547207916932
1 2.75507389365149
1 3.04792271463012
1 1.04355001148885
1 3.10470918903222
1 -0.915022193492703
1 2.45914883926953
1 0.876719576180826
1 1.60555514244163
1 -2.23858430330102
1 -4.03845951395793
1 2.58027308698928
1 -0.281032231257116
1 -1.73732857999113
1 -1.0227446429587
1 1.50164609294069
1 -0.057575173113918
1 0.225685197768337
1 6.54047779839624
1 -0.365362380531345
1 1.37839901763978
1 -0.395781160243485
1 -2.76984230789855
1 -5.78511607454247
1 1.01894035022799
1 -1.0597791762327
1 3.73646625642691
1 3.9716271196954
1 3.38693739168917
1 -1.54194796531005
1 1.2629256378147
1 3.24180580154685
1 3.94554203345462
1 -2.48274351152059
1 -0.533059075149148
1 -4.03887778513445
1 4.31229963175329
1 11.170833369284
1 5.57837014495906
1 7.93473647709729
1 1.08207021014501
1 -2.75329623518215
1 3.04584433399674
1 3.74527207649253
1 1.31850711746891
1 1.30589603932853
1 1.84772529456396
1 3.3512151829904
1 3.081388002342
1 -1.76342980667929
1 -1.30252601561335
1 1.76790808595374
1 -0.141742797008075
1 6.41875914536987
1 2.79046704051299
1 -4.99457353413292
1 9.0389199385314
1 -3.41761253453585
1 5.77974137028209
1 0.170356173335542
1 2.19567247962085
1 1.10117456344677
1 -2.47971680016001
1 1.43003253234695
1 -0.504090009461326
1 5.74885224971101
1 -3.36285137142566
1 -1.23397807065894
1 1.8899088919598
1 1.89344432141029
1 -2.17687030898298
1 8.29045818418393
1 0.758891570767909
1 0.819880465643907
1 0.711292558284009
1 4.63863590155564
1 2.96533572114481
1 3.55988293935194
1 -5.30529954917387
1 -8.54303228863702
1 -1.92788761270838
1 5.59517496825646
1 -2.3653967033107
1 2.10831440351356
1 -1.24669561648058
1 2.21408670195295
1 2.83739217313805
1 0.656496484368748
1 -0.6396543674789
1 0.315041236691519
1 1.03063306914459
1 0.994055267608864
1 1.23491758678772
1 -1.97415581621539
1 4.21901024493555
1 1.95305000668082
1 1.89363705176977
1 3.40617512151176
1 0.388368539306831
1 2.17578994687514
1 2.04850802203387
1 -1.60538854124592
1 -1.58481236523231
1 5.72778851523648
1 3.59462440416596
1 1.05367686316507
1 2.42427461571829
1 0.325528730743521
1 0.480042825513862
1 -2.05744975901605
1 2.6737304507326
1 2.08152551491383
1 2.34598654047713
1 1.95179332767055
1 1.41464485170416
1 2.19242260133514
1 -3.00250768855118
1 -1.23764098269169
1 7.24151309691454
1 5.13465594929084
1 1.3932953702069
1 -0.589769204649306
1 3.52774578679028
1 2.72325099171689
1 4.43487469229724
1 2.0880064090129
1 -1.06994961241356
1 0.294925934739645
1 -1.198361570439
1 -5.67889425619546
1 1.45592188233037
1 -1.67881191467733
1 4.03773171086855
1 -0.311524261550435
1 7.37214935436569
1 5.10640934043639
1 4.09199340666291
1 0.6355787821734
1 -0.0999130937334881
1 2.92527778446875
1 -3.89737169470764
1 2.88367895184368
1 0.360785631172655
1 4.03517124811113
1 0.0388054779691046
1 1.82091990180487
1 5.85763746486901
1 2.34182784763561
1 7.19952696828459
1 4.13379463810995
1 1.045146479395
1 -0.446146049705278
1 -0.706499564869446
1 0.743799570549533
1 -3.55260044214923
1 3.98927473086234
1 3.84076249200034
1 -3.02191962708398
1 2.50243802173325
1 0.4730415477493
1 3.45829410006023
1 0.442784781039346
1 3.9437585875556
1 -1.87005715203019
1 1.32321122419316
1 -0.625424842892346
1 -3.98601347823724
1 -0.889872342635832
1 0.839220216707917
1 3.15277464731615
1 3.56447874913733
1 -0.838556315981941
1 -2.71154708067627
1 -0.897251543447322
1 5.87310436931968
1 5.15166300437768
1 -2.11280130506059
1 4.77619725066501
1 4.0296109220339
1 4.17548113725022
1 -1.22208109869532
1 -0.848887481370973
1 5.10031492818869
1 -2.3281007854118
1 -2.80371728536432
1 1.10221952779967
1 -0.0228111320634041
1 1.87711484143888
1 5.61165054786597
1 7.12373370128365
1 3.3086140750527
1 2.68865868693874
1 1.56455344963778
1 -0.228281375620034
