-530.132148553039 4758.31712218464
-583.353408310245 4750.79113668905
-608.107120042105 4804.09040211755
-623.515104214224 4799.46432127853
-590.074925175004 4810.71734254987
-536.67899098898 4814.92163995681
-623.089693234781 4793.04495466937
-618.793271763248 4767.00822763389
-585.443106426997 4800.61660098116
-544.609547386864 4761.41463540013
-514.233696707998 4747.81387205855
-532.183777116209 4730.69953700772
-492.523823584567 4781.48440436091
-629.341385548969 4736.22944541564
-555.102268825721 4787.19219812308
-529.489160678914 4806.4195862993
-628.869435262776 4741.1209009094
-551.432851398849 4750.57707426242
-563.122545751355 4734.28958624434
-596.366779936433 4792.47133616604
-647.014033263345 4730.9699605978
-651.073003801046 4761.31262175694
-620.298636536868 4752.33204880391
-502.502532784369 4766.79502018496
-627.361171404662 4830.05872922838
-578.514899030103 4749.40375877899
-614.757710334497 4806.85296575478
-561.950876338524 4833.54710599476
-532.589419409762 4778.08852262062
-512.589693146998 4756.08915411738
-577.076409359428 4750.22676964816
-528.585016155209 4730.63979272257
-626.590342983437 4734.13454347923
-532.890686825256 4769.60440482841
-569.908227816915 4766.25575607534
-577.526697327036 4754.50616787784
-627.738897591415 4763.22417550693
-638.868888734881 4777.21324080607
-491.407541689429 4820.99827799547
-547.87411702472 4777.59184105537
-602.466977612621 4803.75267839244
-618.092470075146 4786.6716866952
-546.102724673998 4836.88054197512
-585.336691340925 4744.97984834756
-527.090033605789 4742.18748706504
-634.557955882536 4779.88550374086
-549.102698675912 4753.15293315424
-532.622122105516 4740.25006467338
-628.408199631323 4806.95808964343
-616.029872427451 4829.79412833571
-562.35522978415 4833.43148830597
-525.057310305921 4808.57254506352
-519.71137410528 4779.71395289525
-537.433419471914 4741.50408791316
-584.342046226656 4748.04446206053
-609.925467706301 4797.38867943386
-494.32824096691 4762.8915968452
-624.829471788997 4788.85312542832
-638.00653012911 4729.58870083712
-549.117321336955 4784.36760013735
-552.132302613307 4739.16607729829
-530.058611866938 4782.14063536923
-504.620031893478 4766.43182535278
-555.622282828521 4764.64234511883
-495.228898230956 4823.82577719414
-507.188462654402 4770.1593909848
-606.510652953989 4819.66568938852
-579.726966876514 4761.62525448589
-487.150148313635 4808.30681877642
-626.596368141995 4829.13352354068
-650.201667342934 4737.90758880389
-617.870908314037 4777.30819510987
-628.918611964907 4790.71778047744
-526.967149494148 4736.89935536813
-641.735010352796 4771.18767196996
-488.391309691167 4792.58218706419
-507.29197862315 4741.51792587117
-521.964718682427 4754.9843524469
-533.350854831734 4812.433661583
-651.134696001831 4725.91622014139
-575.813198785963 4832.72185381232
-645.675546341061 4749.33822006785
-539.379593141652 4745.69601814949
-618.708924015531 4790.40155261697
-491.133361652471 4756.40611775989
-623.823750928946 4795.59676418076
-634.208964770534 4762.2419288729
-603.581095493969 4820.63452728798
-645.728989549209 4827.02028670277
-511.717671539783 4828.83535343367
-625.750654887704 4782.95964166308
-639.3556836227 4798.99925131244
-503.429515550631 4805.38203301057
-630.418392651746 4762.46176125986
-561.639499799716 4808.18869324107
-557.100984621587 4739.79874645298
-547.509497857648 4805.41453839591
-645.530222228613 4772.76629871384
-518.690946675625 4820.31383551914
-560.546038151306 4737.75952504279
-534.184150446647 4782.0895829949
-493.811209689098 4745.58932889877
-584.661990335411 4750.63315957233
-504.129197926138 4827.13074930892
-563.414412132529 4773.67932886565
-547.066922487031 4732.28765313935
-542.990521611438 4802.24499351637
-503.061422569496 4787.73894525518
-487.635896315231 4805.79542834613
-507.229636053224 4746.6644688443
-513.924971922459 4732.92793963169
-544.1370074988 4780.24748888212
-551.527704036929 4767.0995101471
-617.899247466135 4806.25166141971
-579.893665697164 4826.53011168248
-640.97172516962 4735.54311284418
-536.467792597023 4793.75191528655
-574.520572606714 4744.50117420642
-520.67343925099 4751.58580423456
-629.110053020252 4791.27737132976
-597.000033908984 4821.51219345577
-550.660896049505 4775.93218391913
-553.569535741656 4766.46134077569
-617.607654756408 4785.62533951656
-492.213575518299 4757.3545554679
-614.257414918087 4734.00747689756
-581.871872130804 4799.58605432062
-525.58273607878 4762.80060447657
-610.466751980247 4731.02451963893
-571.504431555908 4762.90152785751
-531.620848661028 4740.01431441083
-573.468208738093 4835.23886696887
-592.469914557632 4797.06363220814
-536.346918871841 4780.16943869182
-561.002338361706 4820.82415649517
-494.685765082591 4728.3568859434
-636.760348475953 4810.51508132161
-579.84297324596 4812.25857416812
-542.840119354632 4778.65951439242
-572.099257121582 4781.69970076288
-585.075931252618 4749.21633280149
-529.365769492962 4745.95480667468
-571.030588197462 4836.90351056889
-508.532630204444 4748.9147643756
-578.690435181711 4752.22869729045
-555.659024773898 4801.13290638684
-562.643824563753 4819.03274671035
-587.074048853239 4771.92195215889
-601.571886923187 4807.02556704446
-507.785498160265 4769.18609220605
-487.405936912332 4814.82145722516
-619.95456754124 4831.00741319813
-557.510947763916 4779.72528955677
-534.613744755931 4820.52551664751
-647.897080781437 4779.68196610421
-523.56105847622 4824.40248655163
-535.057471765377 4781.11996141766
-554.082815385445 4836.68165941555
-572.855142456294 4819.84887630871
-567.967871841251 4806.30870246959
-608.728925566626 4832.49442601619
-594.343340492087 4771.15057211507
-533.393076350996 4757.82902550267
-531.798556366051 4755.79415434556
-586.3977834143 4759.67408236793
-652.446798000464 4757.91292764562
-612.072958865217 4736.38105594651
-617.320521693432 4791.97549122277
-488.648823434109 4817.68759378359
-622.49744856308 4727.64667165246
-583.210733590946 4781.97222161657
-629.986960451973 4801.21796185908
-544.908459045744 4772.99495266667
-557.032442052453 4794.17179213182
-627.470983204911 4730.84901436612
-626.042822948253 4745.9354330571
-616.016470908407 4789.70089116916
-580.421919879615 4726.47246914002
-605.753111933554 4834.64861117011
-625.437050812832 4787.85214490839
-579.517786864837 4746.27653073899
-598.469122103449 4757.85017146955
-539.740137656284 4786.05212510152
-621.411791907208 4790.31972482534
-644.319778205442 4835.53879510823
-489.54580865547 4776.22337176003
-579.280221626784 4796.65901781769
-614.019902950386 4759.82085157204
-569.384089005203 4766.54589417118
-560.454378523436 4793.0007084084
-525.800633157057 4818.03673046683
-610.445412019289 4768.76599988175
-604.440113228056 4758.9625372487
-494.439222996043 4779.97887083179
-565.218629685409 4773.44576653204
-634.180203008185 4766.70413965935
-576.834095516413 4745.36272371836
-540.817690684286 4827.28147998219
-550.919597823451 4814.71627265131
-521.907187053331 4779.14670100365
-505.557484843912 4792.09448312724
-537.103178098429 4792.20427827396
-633.574359769809 4829.9918341877
-551.063293740465 4805.3959917435
-575.572621096776 4806.17313703575
-519.189722869061 4835.28971119092
-653.9665604173 4731.65246433245
-490.581621517098 4765.92302285278
-513.141343909719 4754.99932889947
-613.003976679574 4801.52372356949
-535.827673793817 4827.2575789232
-549.402943524743 4786.59433290888
-562.630367219142 4772.71317900427
-634.996716255982 4797.65023348467
-614.372546928166 4803.57361998103
-556.31402098881 4781.00140497603
-606.44271214422 4817.89117110897
-541.925810279542 4764.9205699403
-629.698243650991 4795.35048146491
-527.511175414045 4753.99612650935
-573.154114954088 4771.10803552471
-552.064684315925 4742.03253279054
-495.94106604085 4728.98069086618
-516.981139110179 4800.58575897584
-585.558056417924 4809.69000907178
-626.168362924887 4803.44601005461
-599.602079845125 4733.577492939
-506.176242661968 4790.22698713615
-649.000484557958 4778.25912251583
-497.196615392931 4751.78562226256
-615.994037905877 4750.97350852739
-593.495709697412 4751.28124154857
-573.302846778109 4777.21749674339
-528.661356031874 4831.55255988778
-516.474783531442 4799.1846994291
-631.506428594001 4737.38091529201
-583.603290480463 4817.53991878052
-563.148800326015 4825.77986890664
-572.200612078764 4729.03400019108
-573.152569130288 4761.31646848345
-617.754109723903 4825.56677959189
-648.906809032669 4754.53279619764
-606.490012649556 4727.6754071257
-592.612473004283 4769.71720816383
-575.634668651686 4764.3885794064
-573.160331307509 4768.83294833264
-522.343809988464 4760.18675647434
-492.207218365765 4758.95416556617
-636.609138357728 4805.47492751299
-571.25785464214 4757.8917325403
-514.193039041386 4752.16316924582
-591.60677875421 4835.93367263237
-494.595462335795 4836.45253693888
-510.168784904992 4739.05953851786
-515.467190969888 4789.26451996486
-543.153049425856 4795.89999425208
-589.402464751373 4779.31342054177
-515.756500854146 4804.9744291237
-618.960049822428 4769.3191071273
-607.129628703497 4801.93132222666
-505.619292942841 4827.30710896396
-599.760373978349 4791.01731421484
-521.387032936125 4827.87175444734
-540.655852708763 4817.98796300383
-605.236799066213 4731.49356616781
-594.679892187156 4762.50237500475
-486.482250645877 4819.18746013403
-556.504196952278 4763.68836168021
-603.456476874062 4830.8560675695
-603.442384303596 4753.53192780551
-535.019633670069 4745.52867601859
-632.50632175873 4802.89246100327
-648.034089327566 4764.49874296193
-545.702347580236 4815.34829637861
-633.013636031532 4811.63026054799
-605.058164599051 4800.56173243003
-645.132052953124 4817.91349727854
-596.575544796947 4769.19639152362
-561.633459430799 4747.36231718144
-587.195765961247 4822.77133959744
-529.301845077869 4800.16533826803
-594.3681270277 4818.75266394861
-597.785734792407 4786.2102094529
-587.585105941786 4831.44862559973
-628.387364402948 4818.34052361075
-573.00586289572 4733.1203489921
-618.765400600873 4804.01594462515
-606.655142281516 4790.00023226215
-526.894680429119 4734.88125196408
-564.451979324252 4772.89122730758
-599.888402382826 4801.24564854517
-621.608948860568 4794.40130328885
-526.387890444658 4811.7168823402
-497.679331352984 4824.68584747868
-554.876681130326 4748.96354149541
-561.432083798687 4795.7061197223
-560.438628147716 4822.91504997281
-645.51422172347 4824.24688726397
-525.967345917329 4801.12239363552
-568.367731419076 4739.06007378505
-592.471579129656 4816.98703182946
-632.127453051546 4728.1962021481
-637.896293270348 4764.47967181238
-601.650541150365 4765.54779904565
-567.386177940764 4766.95004943571
-540.329766494788 4752.19544121066
-532.099035309149 4787.65713574161
-626.667206290814 4797.27352793885
-561.86595692506 4833.66583149539
-510.090683313726 4727.80942715835
-597.256657522571 4806.13609512174
-582.035279235841 4780.46668060537
-654.119411565698 4737.47819023477
-636.974240263648 4746.14260144933
-567.148848163838 4823.68602059872
-562.940445711792 4783.30217536266
-581.994645216681 4803.75377116599
-592.944134709349 4736.45230468358
-634.815825329658 4739.42933327872
-600.9290961699 4802.15000638457
-568.741572712744 4795.61964192797
-533.970855746459 4815.22636538474
-643.053453217925 4799.94988888448
-620.475379126595 4824.80062095984
-582.756133744143 4726.04745815677
-620.5357103703 4753.65070042519
-623.639168750116 4763.85766727733
-593.228642703138 4792.58724909967
-519.472345302805 4726.02285774238
-627.948023590918 4744.72759085886
-611.85635686502 4751.57108828301
-597.588625397972 4727.19489800835
-608.592024487835 4831.79613009988
-575.777118975915 4809.90997660238
-590.382591976089 4798.18719220429
-492.86378738165 4830.72219337289
-539.430920627749 4764.13310076126
-515.841095853365 4738.0596223706
-497.211784734834 4756.16468589817
-574.162535886269 4809.00047859272
-503.160072864885 4771.03353658308
-490.829121456979 4818.65014261063
-530.482538889426 4747.46640419215
-535.065340021967 4784.18879119799
-550.781669904751 4793.52690969423
-510.626197969116 4763.83030397806
-531.247182443862 4770.34238062634
-514.437527999778 4828.93651067525
-521.086959723166 4806.07639505601
-559.432398046366 4738.82180345606
-616.132180749535 4734.68289693071
-646.549371092136 4733.07305915136
-498.724545805436 4781.00948806734
-548.940241758721 4763.2213555614
-583.085970649847 4810.68040699029
-624.344481061892 4825.83309763726
-490.206287702352 4836.0860924976
-557.608843953789 4765.58177798859
-498.824205138723 4816.48224402761
-649.788633447665 4747.68496672079
-509.487830602564 4776.69389070736
-549.99604498646 4748.96647846187
-571.495555411902 4826.75962032822
-556.117309449589 4769.13661611919
-601.919839704119 4794.26128264554
-503.554836450926 4783.63234173629
-533.500089652653 4783.02840911631
-625.230596463805 4777.86473246671
-530.89485026829 4781.42210744021
-536.76297606697 4824.87981324335
-628.161060909154 4774.8559913807
-553.606681530527 4829.53545116163
-641.554628458149 4770.19621866248
-618.83832505581 4805.435955841
-574.274244789677 4813.44674675313
-578.845296824756 4835.34489191868
-525.937143693244 4738.07843949153
-555.792355003065 4804.70881128808
-649.414708555321 4753.42518343587
-639.438820169919 4814.41495382693
-635.335499088282 4814.84731670191
-640.849130509377 4736.32725345088
-567.546965937641 4824.50715589681
-513.060924844204 4776.55647957902
-582.048507240416 4804.4418710124
-601.415804130655 4804.22829906398
-618.669648657818 4764.7140654865
-551.599148753578 4819.6517442994
-514.651974735699 4818.55031762128
-593.976031269818 4727.51340837242
-540.490493953174 4759.72181515361
-548.029567901556 4832.80880528253
-491.630833477516 4732.22888512461
-630.873156296206 4799.45044627252
-534.375724486325 4818.91793918438
-583.33098408892 4743.04533167362
-624.281736498037 4780.87303938436
-566.619242574269 4772.02145052522
-553.739039982763 4726.84788093143
-573.173631203567 4816.45192095316
-574.215888878504 4789.01782759809
-579.233293234444 4769.32850372677
-540.439051078262 4821.16961892831
-577.099284472166 4822.9713026589
-585.104250318424 4758.80846125252
-599.9536640004 4803.64687011257
-599.114435558666 4783.46442713486
-571.581731553861 4768.55189730037
-598.235548683087 4727.4495146856
-572.379894243864 4797.78190851626
-565.633748904875 4784.47954178967
-595.813988204681 4770.92170902616
-638.112225462634 4777.63595036043
-641.62578662606 4727.22797397429
-539.633764512165 4734.70697898381
-599.202951391463 4776.87080364876
-569.439973693075 4818.27653990584
-593.482399897161 4726.6862224191
-536.046038644493 4790.24954069395
-488.536673128369 4830.21162965611
-564.479103323988 4806.92398772496
-524.786988881507 4823.23156971248
-615.177806653667 4793.50764419156
-490.374356511334 4785.9716124491
-516.377453159174 4742.25439895984
-553.737691768713 4789.64503133165
-547.704730433909 4761.2814956393
-619.232164268608 4740.38843604648
-641.575466569456 4743.30774546581
-542.781915942489 4795.69096522705
-520.974329295878 4821.66733861419
-606.868409723948 4785.76228975849
-551.76759509215 4789.76313449841
-568.94291400173 4757.44167198422
-543.511334012124 4819.28985839292
-524.168666492259 4726.88683261666
-504.15606872062 4824.27077488627
-536.749667230409 4744.54525938238
-497.934242115764 4738.93356965465
-616.877885376507 4804.75303833898
-543.461306220415 4771.23599866275
-588.302439741366 4826.02576286445
-534.218080381043 4808.70301607401
-562.154664481348 4743.38237313046
-604.696625945814 4734.98427444679
-612.154040913515 4824.76147057204
-571.301668037606 4751.07428612407
-517.521643707197 4729.82624962334
-622.438161160357 4765.38624875179
-523.333551128089 4804.32145606092
-637.586400645894 4767.36157354963
-536.873685507997 4759.35438330939
-602.858806781051 4767.22912284014
-569.789546439933 4731.54799581279
-585.164136422448 4749.81920809076
-567.872576197544 4806.45816530394
-611.899974951026 4738.63314945781
-646.579547110445 4745.30860003652
-545.849023179569 4815.87315539295
-506.305836553377 4808.52758197168
-589.892230891108 4805.18758502646
-553.286808519304 4780.44300279228
-615.040230125371 4748.60016546202
-551.140198012171 4818.23316886822
-533.451830676114 4763.92437756992
-632.590403491417 4759.40080851562
-632.042273909742 4779.5361077993
-642.117731166493 4821.11629362953
-530.397196654889 4816.99288756199
-517.71430523337 4810.54369524323
-589.008930473177 4819.33471634715
-566.044198021684 4825.46956543788
-569.880402586786 4728.94858148795
-519.223389177108 4798.2426333813
-573.647955301349 4815.31035860725
-650.809228692737 4735.72030363261
-581.170644404042 4789.60340268909
-621.581345545492 4728.31001131984
-565.771319860919 4826.19058474768
-492.343788093952 4748.86318864329
-630.921123135984 4757.07454322939
-619.119022488933 4822.59443817691
-562.331788647543 4730.75586707778
-546.374460130531 4796.26044962946
-584.41039771318 4746.17870372669
-515.781029689905 4779.55594450392
-568.077887203802 4728.53342151818
-496.191704938326 4824.30791140082
-579.160656714481 4789.90431830905
-578.290903287691 4745.52466877664
-615.835865685829 4753.2336945797
-610.424478033678 4794.65401371586
-613.883314716391 4728.75514218801
-512.744840008842 4803.44766696225
-563.061851391161 4825.87200779559
-593.588938833109 4776.38320997555
-492.453809739496 4809.4065241854
-609.862571615736 4787.55944037785
-511.691524784591 4833.38307376982
-613.386474883459 4812.38556088041
-654.350795121932 4733.74354160027
-496.111017233711 4757.39269960515
-515.287091588421 4740.3383218331
-586.491583489251 4800.21481438078
-640.001820114089 4771.7050278715
-571.071017721705 4796.95133343486
-618.386079530169 4726.63101067561
-497.467057430982 4821.02492754473
-582.117195317074 4824.26270323816
-512.537695619916 4818.31721454304
-540.944671658291 4739.50652590237
-526.721153316147 4834.74097428877
-637.856490734006 4748.91507269469
-508.618257202279 4777.98785541714
-548.771290343014 4753.97260457746
-531.187328830401 4835.18049625572
-637.875659825755 4807.22282953728
-648.44750353417 4790.25919212462
-555.804649328488 4819.75186181518
-645.149610740217 4734.84295572551
-573.799998950396 4824.98541093733
-539.894555641408 4799.56182104646
-625.798003596666 4821.29184690163
-609.23952596371 4768.16914933222
-586.513577844231 4774.39429570795
-587.610786199325 4728.13464825854
-565.703156618688 4790.85966325513
-636.453153763792 4758.64124994171
-490.296630868828 4806.7255088876
-649.859144838383 4784.08370184604
-562.207198155375 4771.63132801195
-542.825645840713 4784.21349972729
-529.275843542521 4753.70369972229
-534.192010464106 4757.76538933956
-533.842448197942 4753.45270706934
-504.612545204843 4765.84510987728
-616.135479691209 4808.03209660888
-583.024957855347 4771.96966718431
-504.252763430095 4749.25213110921
-491.020298364322 4747.25084081676
-554.563544911737 4754.86037488122
-504.684855847874 4743.57649684751
-534.682791630423 4733.52075244133
-502.908916069467 4810.46272662342
-502.727324839196 4781.90519130281
-518.738064687672 4777.61104768512
-600.895399349703 4755.74266063146
-520.250578468498 4726.83713822881
-609.732540093371 4813.59338669054
-540.589596971094 4768.30459691667
-497.410010282543 4737.44793625963
-591.760874250659 4758.47683390364
-536.250313563878 4767.97267002527
-611.473847285496 4824.6130441755
-639.383148686318 4746.87319193208
-541.800829063022 4763.8063026487
-497.958993068687 4819.36308597464
-501.118188852422 4830.07047888057
-493.054852215429 4792.73420157617
-532.047228827948 4749.05735191962
-545.335031316087 4807.41628649392
-507.971205308605 4755.61850683537
-501.979783310457 4799.07496450156
-597.815997977333 4781.73632002939
-583.774597197501 4782.42890938896
-490.121062193304 4802.32663694825
-562.804183386531 4774.45877675182
-542.570388762931 4776.93704440781
-619.263922060735 4727.17104210079
-561.278998033494 4772.09329244449
-622.183824056887 4790.09607574379
-643.643229244511 4755.10499491606
-543.530033248906 4728.53992972007
-581.53924491486 4824.50614244896
-648.136666402133 4756.65117877205
-625.465743348423 4833.94353619507
-572.231880311262 4819.89913286304
-598.394304614682 4816.49193874567
-628.77001765495 4812.34069137943
-559.608039275255 4809.30720815943
-592.169173708908 4803.05868630919
-516.820825986005 4764.86868617369
-579.04519228033 4726.89604382081
-630.580228775749 4829.96596655573
-641.865002107306 4766.38593342025
-561.330728218888 4768.9847189906
-614.66606318089 4772.08451007546
-579.660536671442 4812.43221337132
-653.90181373067 4726.8086172508
-641.8341360921 4782.62543175029
-493.370943239395 4736.17826048663
-560.687869120307 4762.3693436954
-540.700358489324 4753.32874244846
-638.45778457072 4824.64476536528
-534.265788464244 4813.99990759012
-609.159649841752 4728.14627149188
-533.509810127932 4734.4865781392
-626.630891960452 4814.43811009431
-602.022284508983 4731.86395214327
-566.678965524557 4737.41898566983
-567.824316539664 4772.89816916003
-578.323987566669 4834.04924508481
-493.682696792261 4760.53962130979
-532.672454737574 4768.65325642894
-626.562651956886 4833.17120121385
-597.014046073715 4800.68919382788
-510.128541518819 4780.83650112637
-604.57025061684 4780.97503588866
-612.533399530662 4752.47443440915
-566.868367953651 4789.14129117781
-503.741608402828 4808.13603708454
-538.390656138906 4826.80798173894
-633.22851888839 4793.0616091037
-526.033879498083 4758.14947988988
-568.027395481803 4778.00293778401
-552.450465865823 4730.06020462431
-526.725816718759 4733.86312446044
-607.28998084173 4778.61858976537
-515.242454334083 4759.96932563131
-550.851665644101 4726.50376465322
-500.504062331337 4819.29498201973
-514.492213186787 4726.70505709316
-631.018830226048 4729.22996481305
-487.47272549334 4790.9195765475
-518.937776378874 4772.28747469789
-537.11405545275 4836.13957378114
-647.089774427975 4771.22009238569
-621.711018795873 4778.42765968414
-514.966511709694 4778.05369967717
-519.313555055189 4731.55496368428
-617.097163616604 4771.00420357819
-509.540837262772 4831.04540176485
-561.928098031754 4766.26764014627
-587.242188839277 4740.60897824823
-507.748340438616 4801.97724118792
-533.844451906709 4750.74311580405
-592.14524654638 4784.99862732269
-591.891343186608 4779.25079673916
-563.50981401686 4763.19410892061
-553.365555998959 4780.89576969038
-634.412264465168 4737.64661379958
-617.291172395387 4732.08555175339
-587.658444326997 4753.63336905584
-501.938274711708 4750.91208512134
-624.685605042054 4776.42468972711
-534.204300817154 4738.63211439215
-524.124259431292 4768.3545580967
-486.860089753533 4825.7293446022
-651.404185695496 4769.46693275598
-588.185054327436 4740.57309450487
-576.50037906556 4812.69951566109
-554.248467983039 4728.00408510701
-566.579524003764 4811.1795354839
-543.221318485856 4828.45758587114
-503.876875634918 4835.09077009499
-573.1403655466 4815.38710686204
-549.237440666031 4817.94257897321
-551.739875234477 4771.48903853474
-495.050031591878 4816.50876363703
-495.037703724478 4807.13636908897
-621.525050008228 4733.65117692824
-622.483365581519 4737.26967180417
-561.908152083654 4814.88411357098
-535.1033690372 4805.6045201416
-527.283320126914 4777.92712704293
-594.449671227091 4801.03513552905
-638.099993414121 4773.98228127115
-532.302405061567 4759.3545869051
-636.103319189106 4740.70303995676
-550.20956860215 4759.99357172082
-505.316247080453 4836.92572888244
-502.885297672665 4781.91479861763
-607.26535311498 4829.41975494972
-612.534146001936 4827.57179329876
-538.185331401109 4822.04709586911
-614.687110984838 4795.00406326591
-497.988320296673 4765.43429560404
-645.216394715479 4819.79492212598
-596.032559915515 4742.25685942845
-594.328006239987 4772.74521721203
-555.657027927543 4756.16480851125
-548.65568463141 4802.54140792107
-533.451050467639 4761.37059097438
-628.579917229828 4819.85093196775
-530.534727954706 4810.12979138442
-520.087536206341 4792.66045682408
-503.555383052121 4832.81540073232
-556.698396788171 4760.60678878658
-508.133070277904 4798.855518206
-626.06176803148 4778.17897495836
-543.529879313004 4823.15228787689
-513.143272561114 4813.44894677251
-548.550082711084 4751.2660244264
-518.179733246215 4825.09536385518
-602.978010786881 4780.98863164959
-595.034591401611 4731.47274850677
-495.603697855195 4747.70147723491
-544.249084692439 4742.65544949339
-538.310892467127 4766.17767054575
-578.911335886062 4821.74731952039
-594.214882594641 4766.63904371192
-635.810506456843 4836.10015683415
-604.02369638648 4782.92864139472
-525.742439142217 4809.10483177428
-649.6630972976 4750.14258593007
-585.785525977259 4737.05824975289
-637.606946284136 4765.3195645818
-494.92629394942 4767.25934191612
-582.068198234675 4807.57344306609
-613.716999225017 4802.37067404725
-619.323399224749 4729.40827594745
-542.874726127773 4741.48685660706
-590.669287143879 4745.72524306535
-606.808475935633 4789.49454992331
-562.058871196635 4832.21647508066
-602.571235319905 4759.99255260314
-631.899583763764 4805.85536931446
-645.874228985008 4765.06313250086
-647.516853968142 4806.10019711323
-558.894169973262 4731.44563403232
-621.470542168864 4752.52347837293
-553.239756561555 4775.92935750121
-529.991742574032 4766.42268912488
-563.194025403529 4831.64657401125
-517.024537676814 4827.21534894321
-569.252885286485 4772.34497474425
-495.363293537263 4750.98219992042
-581.625628263696 4830.83798278731
-530.429637914337 4738.97574392025
-582.165545594097 4799.15441037357
-545.829648929876 4775.78214224542
-497.159467868402 4728.89658906274
-498.191249154208 4821.61296882594
-615.019992440566 4806.52740234248
-640.054580489103 4752.13144580365
-527.218929972482 4790.6316365811
-556.003417400259 4742.07453975763
-516.221894657901 4817.14995191544
-501.773499262613 4799.55984968391
-576.739738640525 4822.96937743159
-593.524891509879 4768.84813982411
-577.529506402726 4739.07499871735
-530.386642990091 4727.48500247362
-613.663428234066 4834.87679445026
-531.469862398086 4800.12513712547
-543.735649001733 4796.37189249301
-618.76731722187 4820.88124422397
-492.983435421558 4822.73844304633
-630.390625453682 4835.82822667726
-596.097358130099 4822.93703520242
-514.030307792096 4746.44881506247
-507.70945696248 4763.43279384545
-496.929422323897 4760.4527767118
-620.827071969944 4774.49443714571
-608.772341998225 4752.13947620965
-625.542807504919 4762.1107292
-515.676124197588 4803.29092426101
-646.849438065057 4805.67344313946
-587.004857455236 4755.72121051372
-599.691887093899 4759.31193205111
-646.063842936018 4744.06348892439
-541.588789107932 4771.87077525566
-541.140043381981 4745.14691511681
-535.50469229827 4797.23669246841
-494.952085643294 4795.04424737312
-569.890512643211 4803.27643725107
-520.76756721415 4803.49036078007
-618.860448591272 4743.97213565493
-567.061445096375 4808.37612817636
-641.918774998649 4783.66355947717
-592.793691999884 4812.11171590383
-564.27811477415 4836.53106810591
-608.747288935847 4780.52403196783
-612.316083342588 4827.07925546536
-616.826526245757 4759.26403339085
-631.216117417611 4792.73744618858
-555.099162678997 4732.87369390633
-556.555648221379 4833.61227717733
-557.362276551098 4794.0008792574
-577.629917627285 4794.54448644869
-638.14242801602 4832.02078884942
-563.67257292542 4744.52260374194
-556.107540035339 4821.51539216594
-596.34476111841 4759.1902950076
-588.754734934503 4776.19675773129
-610.449642912745 4784.86793904679
-578.06393778081 4744.92567855636
-492.889631062812 4797.3299621886
-590.03777040534 4829.74920226598
-615.954308341432 4791.05044426412
-551.004740251406 4790.2988161883
-507.177019508202 4727.03366431824
-566.765294277035 4814.16450330192
-652.199546181257 4726.04939933206
-507.482876167691 4736.83900029586
-536.790418215498 4814.00506924873
-525.971320614194 4798.92723287796
-569.96587422247 4778.24640588759
-650.925935882914 4740.91408011075
-569.502875718912 4777.18326586889
-576.338628049552 4813.13407436133
-531.421306862101 4805.91291575496
-517.33900853733 4805.61884119929
-644.274969869479 4757.20681051116
-550.73645651853 4813.3103245552
-623.035564725312 4741.2793613588
-536.200864710129 4799.5173661672
-630.276520089498 4792.57822184104
-638.017110907163 4805.06701921636
-572.59939193247 4768.41644086169
-519.731337206276 4733.27939314812
-610.760213874578 4836.66408470998
-553.87509265279 4738.19550976734
-499.592270180434 4749.11719678581
-548.918424135499 4802.12804349768
-537.418352613024 4816.32610797116
-518.029590955076 4807.10242299992
-578.638642798098 4834.26338709603
-575.679082866035 4748.35719684623
-532.966787718802 4821.55591578918
-558.986551339434 4753.41432241783
-523.374775221845 4777.85871293077
-563.778630814666 4807.50362547946
-559.652826770289 4741.8154776054
-624.297151080864 4752.01760126674
-602.137255251903 4760.32243116224
-532.998651977026 4817.65989464461
-625.676834611 4825.26820488244
-618.710197704175 4774.16176908724
-558.161643022929 4825.45737053658
-509.975217531521 4827.34945210733
-496.001731835931 4772.42884903
-591.978924403585 4803.0556350661
-555.513743710789 4785.98740644303
-624.438847103004 4830.41301001708
-641.374091237521 4817.08118813854
-531.488781919771 4771.95911254364
-508.3424733194 4827.14891587632
-575.777082087012 4744.20087460327
-646.255089197911 4736.66724588044
-598.303724375305 4751.75767678416
-604.06693247282 4771.92654108807
-510.436537033123 4730.08073980407
-499.750687268178 4780.20169851444
-563.628725143038 4746.46143921311
-599.01362913551 4795.35640034214
-552.173973133437 4748.22317391394
-612.791390008876 4785.50564056749
-539.578628183166 4745.52272713533
-649.205902394764 4731.38434602881
-560.385026175806 4733.66672450508
-521.668390210768 4792.46012654472
-501.382063835631 4789.79139854816
-537.555527935863 4836.11612651481
-554.653059793055 4744.68344282298
-543.018089583824 4745.09731794435
-649.611776498331 4731.56183379669
-577.673581742634 4726.52333435853
-541.147701193095 4813.60026772835
-528.625816633909 4788.04357603079
-634.672043552784 4759.80764733933
-492.95316976225 4832.21490516204
-519.700488106116 4767.35834190791
-513.933567902906 4751.30402029399
-632.490293235133 4735.58916259962
-500.25092597175 4810.36550545333
-503.077713533931 4755.36583016839
-561.741980235258 4750.72526584041
-497.198272598576 4729.25279070342
-524.461424471037 4832.15632357821
-635.143701957831 4730.9101659833
-585.300622860585 4821.39546285132
-552.02608736002 4743.21923127428
-489.309959027466 4820.69168862088
-534.891736632606 4775.63705721067
-544.689872267069 4768.20989568357
-521.421624206813 4833.20241473473
-634.035167568446 4731.53289532321
-517.894395283848 4835.39906675835
-609.664454585609 4739.33221548575
-514.811967679021 4783.18096567855
-608.982587275254 4748.09864352793
-525.441192801142 4737.47201248757
-547.017101293603 4731.68052947251
-617.458426705253 4769.24385837146
-513.581016535715 4782.92104267168
-527.52324532124 4825.36373194155
-636.763558318427 4818.29956838222
-488.516640021925 4776.33360677082
-503.219167074228 4754.35919621716
-536.010148124975 4757.73645472363
-591.29193462802 4737.18637123164
-577.776026034968 4798.68982956532
-641.574650285129 4736.28694240703
-580.684290591099 4756.39127352544
-524.596892585701 4783.86222321796
-615.402393365241 4809.7301163387
-583.601246053251 4763.09591637325
-609.068341378738 4727.17368239848
-550.399388506658 4836.2115636594
-537.259797634044 4798.99129463998
-585.470332837709 4823.51884675014
-632.589293639781 4803.48832559968
-544.925124311941 4785.16660506882
-567.559146302419 4786.61021865551
-584.677178586793 4737.76967502923
-575.055405184035 4758.61324139628
-619.258810610265 4729.35421010294
-514.643688639094 4814.1876754655
-585.477503276999 4811.23905178535
-518.717189337514 4794.56572367637
-550.115958772919 4800.14409143532
-501.200081271019 4765.65996301185
-618.124487113587 4814.03440165815
-511.425596207624 4824.35206445928
-610.725519259828 4816.76013867918
-559.559146758885 4764.25462207832
-523.057619633865 4810.52821588544
-563.086843887246 4768.94773165185
-561.433300837803 4784.75868859108
-511.940954433552 4790.02570274787
-520.130406189526 4733.59095016476
-570.734252486553 4778.50210034831
-596.723510795039 4730.01205491273
-557.691144987935 4801.42913151278
-612.659401253997 4788.6942438589
-640.391366997502 4781.71281717812
-584.149879432324 4746.02900721294
-603.341291460469 4734.01350844627
-509.826785185962 4772.52038658153
-638.867772900911 4746.77120744056
-623.397989876069 4727.86114437725
-505.647934714976 4742.92957917775
-542.293893553316 4810.69758183119
-590.884462057963 4771.58218892984
-562.118574144316 4786.7334113007
-530.130030983544 4796.51815615117
-524.883348068426 4768.66907506975
-584.432144964468 4773.5850168566
-502.243136089045 4741.02640360857
-504.455228970168 4781.21480462924
-494.034033389678 4781.37594993231
-634.078050973229 4814.61306309045
-619.461847217029 4745.43217527802
-602.010397573568 4836.64789579631
-528.091070129708 4817.809478927
-610.279774631079 4811.11092062389
-577.73201340123 4779.6842600769
-642.168722721966 4828.76391536606
-624.608034001127 4807.32214558914
-524.225917907744 4760.7074593816
-527.135169339018 4816.22971122905
-650.813347013482 4727.56368545719
-571.847164991833 4782.60365306781
-589.761598218526 4775.13389162442
-579.850960592539 4765.84969251529
-641.826118215034 4755.40947480715
-497.861568498813 4812.84347017526
-599.607432125045 4756.9153205129
-590.659529403937 4743.36787447021
-588.533745680913 4789.9699248509
-592.878416142805 4775.44040902596
-619.882329140127 4803.95374075163
-504.52209468913 4756.80963753863
-609.379916552877 4833.31774302973
-594.344370223047 4737.50800525197
-556.091915553015 4796.46821842709
-520.453500696968 4740.23645943686
-540.31946755716 4758.39602970859
-646.651323291768 4740.19164665996
-569.612242322497 4781.12088901564
-573.500666672957 4776.78355385284
-491.866172440804 4739.61630515288
-519.285357275883 4787.42651309286
-643.942964604942 4810.0269650671
-642.983497581036 4777.11884452641
-621.634487144547 4789.70691984412
-521.163407761447 4811.27699432039
-608.103822430939 4757.41090933049
-548.183319443216 4782.48151762387
-579.532418962538 4798.69661030688
-492.538444650498 4781.96875487152
-607.463860401049 4799.12454515646
-637.750548207524 4815.70586920945
-593.883193943609 4828.7974803345
-625.031887011502 4731.43682396143
-629.465832819914 4812.14047669707
-595.022327842748 4794.76117892073
-525.852807725485 4805.65921701888
-570.493189564867 4795.51837957468
-652.074293383236 4757.22666678831
-552.240942867864 4829.07116062743
-534.865699456886 4754.4413312405
-653.606476044434 4732.6487557305
-574.072531534682 4773.66847644296
-604.392440870094 4770.98588936248
-643.087319378189 4777.56888279156
-535.108700684848 4798.05359722687
-529.414565620744 4792.59323373645
-566.491347945118 4732.38763654708
-582.270579709975 4820.54838649839
-628.889504622696 4761.91565279796
-624.111169363142 4832.04214245078
-620.080163508328 4774.15274752432
-544.546541497671 4738.04399694377
-509.209297360688 4743.68813023252
-530.002240010543 4823.15413838685
-623.550586832661 4738.47006582731
-584.053966521683 4768.43240412173
-573.080491543109 4750.55224524298
-634.461150694052 4826.06907448547
-528.747763629219 4742.830213625
-499.469735890821 4778.1737967822
-606.646366311509 4814.44650264384
-513.099535087339 4794.08373256143
-508.544638809169 4739.84958407319
-549.24475524312 4741.43343996982
-617.496386918373 4739.59287732963
-590.205170441209 4818.0064498513
-640.993354449622 4831.83961235916
-630.95523376544 4792.92543699918
-612.048881676748 4731.03656176578
-636.994568571883 4768.40195152168
-571.269993944215 4756.43667754283
-608.617149471795 4807.83282901937
-514.13070028368 4835.81918577482
-508.723483084183 4809.01143369352
-526.37695902915 4789.52849308684
-575.313878110018 4827.83225902902
-644.240222297109 4727.36140302536
-488.175009894849 4817.2432612726
-574.046610338614 4759.24273190523
-503.048625339748 4731.19672300567
-547.939589876097 4832.28054582636
-632.377943656787 4765.0650668672
-543.554828528475 4816.63853837299
-631.265640906121 4786.56969663742
-596.685856999128 4832.0772742311
-626.115737521782 4821.22438495668
-646.419416737314 4811.89036962331
-509.270964053038 4781.28450788746
-542.682103582025 4760.9108042185
-558.111216109023 4794.15184316996
-650.415039896299 4770.31968527127
-589.857262468903 4749.94277049103
-516.321648376584 4835.67717445532
-637.586965003491 4781.5045854488
-563.087580398514 4835.97590292303
-541.313051123362 4749.46852359861
-624.064338623889 4774.31415651282
-620.825328288796 4785.17509685314
-619.578959074578 4751.85402762403
-502.850052365627 4819.8046865647
-603.869605606759 4768.03652029526
-512.816179883444 4761.67757454381
-601.448362457451 4776.56429882955
-624.614043134947 4729.7962818058
-519.866102586571 4788.80027276983
-620.227578210385 4829.53329991823
-580.003104993791 4783.22534384696
-619.147633622682 4800.99952067494
-599.842718421295 4783.58977622726
-603.263609554428 4761.68832314926
-641.654471233221 4820.76159692462
-507.185820560892 4783.80572942216
-504.597715889781 4745.18908653455
-613.190497199086 4753.91559705459
-507.625443899673 4783.90006069306
-506.663047518497 4769.59997377393
-530.43489553105 4733.60731334124
-589.234317523162 4787.67199413766
-620.672902671074 4738.08695827869
-592.057288213131 4791.26919759901
-526.071996830975 4747.49736425398
-536.201838355102 4773.74458501784
-585.638071233531 4760.47742724843
-544.618928257018 4732.6608840179
-615.825409624669 4760.1668696216
-624.528898560262 4828.39818695307
-503.110681978537 4752.61344525504
-624.810442463561 4799.9660170353
-556.173779552868 4742.6317572339
-536.56678512293 4734.39945476214
-557.532934114555 4772.70283901416
-523.24963935322 4762.33239557937
-632.260710550634 4749.70639981043
-652.836856423506 4744.67373438344
-623.68369840535 4805.73287356515
-583.98653706749 4809.52211194583
-616.661702154153 4805.28481823521
-533.384339299741 4768.75587008919
-502.264702202479 4733.90999665038
-504.085941760247 4731.9986330594
-626.656121945577 4822.0559937057
-539.584844407765 4735.81474527082
-614.797245532342 4835.48233737662
-580.815456057549 4773.09576153797
-551.949458093573 4784.7099163644
-569.905179525848 4836.76448499183
-629.769270514343 4767.48781065484
-491.296857303797 4802.67179631789
-513.89404299826 4744.20569705652
-530.494030943148 4757.74226776423
-522.410836887897 4797.63704204141
-585.515176585098 4820.34887769561
-639.586710600264 4814.89213356936
-539.252042872286 4769.55221947401
-614.85356962458 4767.19749011508
-613.20266555875 4774.46435502565
-516.701406329227 4750.83857720718
-506.888535383222 4796.8604953164
-569.540290800318 4775.01816514758
-509.004893678998 4728.43324122015
-507.014042805248 4730.32245047075
-620.179032761807 4747.25753055642
-627.102812669914 4808.80806449452
-516.576580140747 4782.97233848579
-627.545674328407 4802.42285919454
-559.327809912428 4835.32816126541
-586.544971364979 4729.23810781287
-520.637481017259 4831.08971236145
-596.860779600472 4761.89008012605
-604.856299167988 4806.7405404591
-589.814423081322 4763.57973627678
-608.800638874067 4791.39549903984
-582.197385688299 4756.07908340486
-533.315013952006 4787.18754452172
-595.138848731196 4759.36413076454
-577.083104692565 4794.85043179393
-513.072910482982 4818.43523729674
-652.46851422696 4751.5730774317
-626.541704661888 4759.3869845121
-589.723399607219 4773.24845277784
-619.022143231052 4794.98039353037
-609.752219575435 4744.65210995111
-628.685943432824 4831.63298280689
-530.154984947499 4756.97468781978
-512.856597564663 4784.98421161267
-513.179064013967 4812.53690643136
-643.195144662631 4783.40660781813
-496.618735245223 4736.76604603051
-621.496015429379 4786.0367765897
-584.927054248713 4788.07278015731
-540.450732794425 4836.56685572124
-638.207818666676 4782.91520236935
-570.899447526093 4810.58799475908
-523.49694066437 4736.47938576047
-617.913926907553 4818.97152899706
-641.714109307067 4818.09346192903
-569.75667648946 4815.77720488375
-601.733092444705 4786.66190760298
-564.410142068678 4807.69894247342
-522.317386419604 4742.2655771253
-620.251733015898 4793.977952786
-636.80817539037 4729.39544584514
-573.488119741308 4799.47509675737
-540.92766154496 4793.16995365689
-562.583388189802 4770.28032427168
-533.56588057645 4748.23300351674
-586.430779885679 4794.55102631354
-555.302635318985 4834.50851309105
-555.781741927373 4834.36316683038
-573.599982686403 4804.50258949679
-601.103046104843 4773.47226465311
-549.963985177138 4825.89149480956
-586.424604158043 4797.40075718479
-492.957783377565 4751.91019526283
-565.117547216022 4825.21247943778
-635.010693290751 4726.10942389787
-536.039229959391 4810.77879961238
-499.497767783766 4766.10035732842
-544.253357670138 4827.23232772228
-524.193290882986 4771.7665963369
-610.763133583826 4758.7957251553
-640.811320821663 4759.5311231789
-635.205152580273 4760.93679262539
-545.897295619871 4803.29852075754
-594.282994853566 4796.89612573015
-615.289576716198 4743.09082009106
-650.060199757746 4738.64042215329
-516.069642638979 4802.22481046087
-570.454838933074 4796.78389792023
-508.164982681021 4747.85128209658
-596.067875768423 4774.47927263119
-510.454070685554 4768.29478085411
-553.4819574274 4815.67822599198
-522.098441184983 4801.63494619032
-624.378977985397 4770.44745791374
-526.912788872856 4817.12376019763
-500.136359696827 4803.25638711271
-639.143188820891 4805.63868453164
-500.743775459315 4739.78695768162
-637.914818915754 4754.78517894015
-558.460547141797 4799.10772184436
-632.246598626395 4831.65018679947
-510.441867523588 4730.92541412118
-584.664467928882 4735.42038885228
-591.085057969753 4780.55673131796
-610.060468459665 4809.61326912756
-546.773271537537 4824.26917509106
-567.111671560587 4792.36608381326
-537.726876931946 4834.23577825993
-566.353954716092 4812.67372285002
-643.333690506547 4822.98321883292
-595.162218025727 4746.72418594538
-491.682198068486 4734.0568314846
-584.428097049991 4754.08468800115
-602.429980445098 4799.15745806978
-593.507011164421 4835.60475224686
-501.42275118094 4829.31618308999
-643.047510641503 4753.24780779579
-507.812991709145 4744.69431688937
-632.827442144644 4815.91001602807
-595.962997726409 4751.57080528394
-625.323568547552 4766.69470722869
-590.736000974826 4772.03113172891
-608.396697027829 4754.09382259801
-615.246918658052 4809.60927638377
-581.724660222572 4805.48234513837
-632.548369728156 4791.90519423867
-587.913887372414 4759.06879657694
-544.674593143623 4771.23654514014
-642.492348338755 4788.78348728241
-630.640363215551 4749.12406902117
-512.895132420351 4772.16697881557
-496.207595932604 4765.99513156424
-521.878837340753 4765.45156644353
-541.035779955262 4831.76487839187
-520.864726992792 4801.52504248857
-531.866900884712 4773.80914921906
-594.58913926959 4759.61691730693
-629.664798497874 4767.92565158506
-554.413770266844 4726.01981346359
-522.676770104119 4824.94952553704
-494.595185483293 4759.07218868232
-583.238623215776 4756.26577448056
-576.304100252171 4754.67591820627
-499.784116162362 4815.20354210923
-490.953786202784 4744.99674378804
-610.414196057405 4767.2785584098
-553.756212647536 4778.92283356933
-487.714237016237 4817.73838420708
-508.846535528741 4737.75635869461
-568.303645617042 4765.55309455342
-574.486462113499 4820.45145586124
-597.561222768685 4836.32402199019
-629.953464533411 4778.03846047119
-593.384637310395 4824.56607492551
-495.507254247518 4789.08887059062
-490.163904074957 4809.52278533397
-515.361078925085 4828.6031524004
-505.109185592634 4729.83496952081
-584.784739562716 4796.81727583642
-646.219798488515 4815.91053381979
-643.185237403209 4797.86183432942
-604.657236505579 4765.09619834397
-550.725635569803 4811.61293754098
-593.71208427954 4816.60876408011
-619.888711695282 4818.08155668042
-493.137547825836 4743.00952029166
-644.642470143577 4799.33608316719
-581.18658487509 4804.530932458
-634.803262169032 4756.27807019591
-643.356395057362 4727.19612411327
-594.966699940559 4814.67979699434
-593.526347760163 4752.17744365048
-568.527069309979 4787.41647375851
-516.940354188127 4807.68588451687
-521.765504942503 4812.27004141671
-639.453012796728 4808.99277688091
-636.686240778353 4745.14210208737
-560.870358364181 4767.84186964746
-635.497032570936 4744.63776613647
-594.152415961395 4783.16684112282
-603.706508812532 4783.96279802151
-609.307211525082 4807.16571835251
-648.334418272757 4753.91722260994
-502.084253706765 4817.2928916355
-534.216676796207 4734.4856697254
-495.49561021418 4742.42547757939
-493.581278118358 4811.9639189867
-549.587577005782 4758.87356543284
-552.969809970211 4800.23762859494
-626.649005256698 4833.8840597118
-613.864142706664 4802.12198347043
-576.424145924045 4774.52066459116
-558.820928217789 4815.48363167992
-528.720416442278 4748.53378484742
-624.625570785373 4808.44629620443
-521.278494356603 4754.49606822076
-509.937687355627 4808.46934042168
-623.638820878518 4777.09732924458
-490.159188119341 4776.49692687681
-630.085407100797 4763.23481881943
-615.276493870198 4733.16129060272
-590.398763090849 4827.18897506627
-504.787119476881 4733.98325757788
-502.737086497572 4816.13173747458
-637.538631317785 4759.91677401692
-585.870590583093 4799.97469882329
-572.35376626479 4780.59613249818
-533.183015229209 4772.36685411133
-592.183845240623 4818.87422692201
-579.115775184455 4830.77144344366
-610.672327305275 4741.68536446666
-548.558639487839 4777.91921370963
-570.729992701877 4764.92024145323
-611.215957474396 4809.7437912182
-620.805064614784 4790.98150384257
-577.111560680277 4804.54564887557
-630.730227070843 4747.57781565164
-631.384846735849 4765.56643097837
-628.94069542057 4794.42344644493
-555.482909774117 4743.49514159261
-583.128022393763 4801.17699987336
-588.177425858909 4769.67783623884
-622.141408264468 4767.77161439738
-587.655788385533 4823.01760923904
-558.201978274147 4790.15106224788
-518.573378992192 4805.56063998526
-630.187941929945 4829.43095227348
-640.708008623786 4805.76797484754
-556.055794713553 4798.31270375385
-641.962243123684 4836.2240340259
-638.817658256822 4780.53993741643
-565.268758932816 4822.49705431666
-561.340082056425 4758.65378966641
-630.9816465994 4810.62207713091
-640.814432844257 4824.61108441149
-605.061568983974 4796.74516406998
-521.563866190123 4751.89183115788
-569.767217200129 4816.86932744
-597.759226060093 4780.73075433428
-563.405484736546 4779.42869956889
-494.124436405049 4818.27208112361
-501.138230257465 4742.65614711418
-599.220434400086 4745.96674661533
-566.780427234867 4731.65065923282
-632.4920284274 4815.84116896436
-638.828886214044 4832.54063007357
-536.776190535163 4735.40255284311
-542.786152691117 4793.89750333006
-614.799554922314 4810.60273810181
-649.750224015096 4766.16688944887
-495.341202066596 4808.39283035109
-488.512072092056 4804.51791916099
-503.299633443627 4738.83420096926
-528.295987561273 4798.78338386385
-629.848389506273 4792.15055890979
-598.949225519072 4779.95398537305
-580.713002913201 4729.27140373673
-556.196008614721 4775.5410942227
-522.195230523749 4752.50190377805
-643.35500331506 4732.99421956168
-583.079745886523 4766.34422674647
-641.772785577593 4750.08240071938
-526.000540872427 4770.48763187223
-645.026979231862 4756.05183761843
-639.032225618758 4796.85660563905
-526.364475389418 4828.66828146062
-577.637002550785 4784.01889948652
-572.801842141896 4751.89791298417
-623.486845815977 4734.73225762769
-570.958945253344 4833.12114877302
-546.203738035648 4805.36584181861
-592.826439082165 4765.43605423186
-600.169852592927 4806.03087088506
-556.568841178746 4769.81984206974
-510.874756099423 4818.92859583002
-594.535659741427 4770.71468892948
-619.276103751053 4792.94427695472
-593.362964879304 4832.63323999766
-622.858114363648 4740.88710453392
-633.520748995413 4836.02498787003
-536.995565815992 4740.82919393051
-557.329215891929 4778.05662765994
-513.959559628168 4764.05399940198
-526.089405292203 4811.18087384606
-621.255141889202 4729.84526006181
-554.28112958287 4779.32983352982
-528.082070702846 4775.71913338699
-526.232625899319 4754.54595747953
-567.255363323244 4816.77937904306
-525.689966227251 4748.98700942163
-497.599733916266 4764.81608032062
-505.879022806416 4757.34370043036
-582.846055957736 4828.94501408399
-546.751098674606 4830.7240166729
-609.949832188821 4782.95530461368
-516.998311515141 4762.03147827658
-634.730164105503 4776.17249527956
-528.800843580457 4785.88684183998
-496.501341724293 4727.34659889387
-648.993152526574 4726.51709781607
-491.627559454709 4768.10949436614
-593.717261543894 4760.0116366457
-638.632143354314 4732.89135676594
-558.548333740692 4804.13566392344
-649.952278895286 4726.53270504253
-493.497844939067 4823.0771956236
-636.181590933696 4803.70678721071
-574.620004131884 4807.08910772677
-606.154471352101 4743.5208237257
-604.292960223536 4778.06925652249
-562.651607806742 4795.89540418376
-547.469341568917 4825.0805010579
-635.566620644978 4763.17557275348
-629.596658564387 4800.90555760573
-533.096591951702 4794.26342210918
-492.658065611386 4742.8317470652
-488.680629718511 4775.64581345712
-630.490783207015 4821.91055548522
-537.76622282372 4777.64433848285
-557.166699741362 4802.79404407086
-620.18949400321 4815.95343058608
-617.773043360703 4744.61011178648
-530.204924705634 4770.58433266163
-653.94817129108 4736.4546231996
-619.54532863023 4801.31426519156
-595.496774131248 4805.43433305584
-550.145866675835 4824.41645110972
-614.011684272617 4809.9971348786
-527.37351392318 4750.22411731182
-574.881429841703 4794.86524594468
-606.414303718929 4828.83835028274
-630.17881033291 4785.08193224466
-512.122274680811 4730.86568050255
-515.747839855437 4765.38363848603
-638.057011905714 4766.00266232712
-507.889641028667 4791.53753793175
-512.544095357475 4726.86986950079
-561.270564461466 4749.84892897343
-599.612278379368 4779.9113000988
-603.887077212573 4830.72474077874
-511.983214962092 4764.68761388902
-648.041462673252 4747.70908227501
-581.04201975828 4751.30828216003
-573.480670768448 4807.08311521956
-630.894480054017 4806.52179740238
-503.183096625832 4830.0661564588
-560.077675776203 4819.36987906553
-631.748139752632 4772.36866891956
-499.146120799685 4781.24215656298
-558.929014503383 4796.65592043936
-604.953650608524 4785.22878038612
-543.747404009054 4726.74712417587
-531.864325926374 4783.83517460662
-598.386280565805 4768.20702181004
-585.188869500926 4762.39682898639
-635.360003841313 4776.31339106856
-581.420334895185 4831.85553952912
-520.672279173087 4743.0028645968
-556.598470637178 4747.08208278439
-640.388163945325 4835.62272409868
-580.701658193506 4797.09151019238
-600.332332424262 4803.62980056462
-538.752181383424 4755.91232187383
-531.530896379424 4734.16226905148
-623.353766129666 4730.46948183281
-530.775681890016 4761.68774011578
-558.826239249306 4764.6388934674
-557.854609267513 4833.5982886196
-581.298499986001 4827.53965450996
-495.987966052882 4822.6265282674
-521.720353269311 4821.50095507112
-508.706530452135 4736.77070667384
-645.77448111549 4761.02537679648
-559.772237243752 4771.13757321266
-641.799088508663 4759.76555136384
-542.732801615302 4797.29808506585
-562.205917167749 4769.66981160622
-544.426930058593 4793.18988164819
-532.65670182616 4725.87886053628
-493.528784021122 4805.30766421589
-554.985748700004 4729.55738916882
-602.798543950759 4734.38802230916
-624.14520409468 4731.85808041098
-604.663037221543 4774.2978647916
-555.581917989887 4816.05595671364
-586.909464710135 4770.01014378482
-553.471926873437 4798.81563607493
-606.143803131534 4785.02948545721
-644.671863700241 4763.2566522325
-595.667687715057 4825.90530415958
-579.083606323302 4732.91603914676
-582.985724466526 4829.92800582031
-627.023136363654 4764.27856124679
-543.759337197802 4740.81381007941
-496.727924811807 4741.2873790789
-627.163040314326 4828.77854513118
-518.677715993461 4836.35864133793
-647.191560729957 4765.07588672079
-626.082842595896 4806.7497803489
-598.943362127739 4814.0665311267
-580.60291082922 4770.32681899145
-553.029803205006 4732.61442355005
-617.628028609853 4800.10051066616
-576.824741470177 4819.02420586526
-594.22544209892 4812.70647504079
-630.265175788975 4778.63853598293
-502.986273043362 4830.44061116398
-550.204669008725 4757.64593587554
-575.711851825856 4740.19365597665
-649.292506778635 4772.87904739635
-617.588828392827 4823.2188837375
-628.442241106538 4772.90915056465
-601.914891484348 4805.80774252075
-626.322507417756 4758.1040728952
-523.242848531616 4740.96622274733
-497.764312819428 4820.90623922154
-603.734505269974 4835.49844269282
-513.71838068408 4814.44594526694
-628.826490003309 4795.0518049576
-627.279697101645 4736.83338986717
-637.358894422342 4820.23830702633
-556.654337568195 4739.67286038467
-639.488159028407 4758.09638177222
-523.327153276291 4750.326414679
-600.199749293756 4784.91377050124
-550.9636237783 4730.91549408606
-538.127481384494 4819.85893606993
-488.589414690253 4813.77412065009
-627.084496603338 4749.27397961591
-584.428433059874 4776.02878852873
-621.972780264016 4758.73730631342
-565.368643587482 4836.00015667586
-618.028512919992 4745.22829069503
-497.904542784048 4777.59261517989
-587.786355858075 4803.29949345519
-622.280187991794 4797.8196678307
-562.604005289779 4817.95676144394
-638.9901305055 4793.51574869356
-509.52990455045 4828.0845968531
-538.387342163786 4820.16112473264
-489.415639523953 4823.59494616011
-622.498010481477 4765.96487399045
-514.316308026176 4825.07719617453
-532.088327364408 4746.90091698654
-557.701311864271 4797.77093759693
-574.758875349843 4741.67694592398
-567.014083641978 4810.29142429195
-611.54694561131 4764.4139937376
-511.927091162716 4829.32439834764
-532.990089804367 4800.40287299621
-530.057955049105 4752.54362787552
-630.707431489922 4791.36352330365
-594.597849601367 4734.39042248093
-499.04649190747 4799.46175787291
-632.226270713387 4772.78793554728
-496.015401825866 4747.17049481561
-598.068543710892 4811.19670040909
-637.407203374224 4826.40131937865
-556.053143201159 4795.61193876634
-513.630993354593 4815.37207510931
-593.272508752303 4750.2284839789
-557.058779776748 4784.84730069702
-545.694346918757 4747.86517180787
-618.946810820031 4818.35140130168
-569.669352641926 4736.10170775001
-572.166711083706 4803.7423760199
-585.625630959313 4753.36469813898
-602.626878508235 4746.72262104933
-521.911233981532 4804.75658606667
-643.546951837537 4819.74792688284
-492.980169946729 4831.25773002932
-558.584736474665 4768.10440147027
-558.353715936611 4792.34080566128
-544.032591783533 4738.61081836922
-575.126806646638 4767.33006299753
-634.228303793596 4827.93949946903
-581.492518864628 4756.71025010918
-549.240623034196 4811.53358673553
-542.664175240054 4740.04127719819
-642.36983077796 4739.59857687029
-621.332105304205 4735.72506317416
-583.789753651929 4795.41381298526
-519.778670061791 4806.38245548046
-600.140201831471 4790.35729372188
-562.496308169986 4776.43667663148
-596.526933245504 4752.78115897916
-632.529864445487 4743.00072730789
-542.307962773216 4780.42763861726
-613.809321585765 4770.89478274312
-520.718309720371 4833.04264245999
-618.531220671706 4813.25291336191
-494.327473981068 4762.91661946696
-509.925441331246 4780.87227274193
-602.520911588234 4817.10385475616
-580.564500163812 4814.41381582427
-535.51802912604 4820.37842708565
-506.753560221635 4727.19265149127
-545.961957124399 4824.31660776465
-526.347726948746 4755.97873026795
-600.28024531234 4736.4546550179
-617.131967165624 4808.27470383193
-502.034197178895 4735.50077860682
-626.340205889817 4783.76692005198
-554.394005185897 4741.95874866038
-638.034251281536 4813.08624037326
-596.991737017961 4770.2535440059
-497.729242576781 4792.8114648266
-619.464253153701 4763.50981826445
-632.723168877104 4741.56437455925
-592.627911031269 4771.56715438104
-542.853273297348 4770.50215926992
-566.840546990397 4738.22858746788
-624.18569074866 4783.37251123292
-529.591806835179 4761.62027573721
-544.295330467682 4807.25752417194
-543.053432425258 4735.79182162138
-597.114643421304 4817.81639768595
-550.519750467509 4785.21003280463
-561.810259332378 4807.08826043828
-585.267171844246 4830.88411028918
-543.487905157266 4782.13007832082
-550.765664106242 4749.74873754288
-554.251251126435 4818.81406571097
-536.18134549764 4732.84500252307
-608.405070337087 4747.46906903317
-570.135616865815 4833.74551925381
-629.662293764287 4804.54757337797
-609.95145323437 4740.38336924732
-536.887481265692 4782.5451616833
-574.167303081875 4831.65348904209
-585.335409198724 4759.58903945214
-495.939500421727 4827.4294947602
-583.61550084155 4756.12620923507
-606.083422766555 4768.94578509152
-542.548655634588 4756.78966763209
-534.597321187619 4814.07820986733
-608.338759327215 4754.05315409665
-612.899235492982 4804.17814215867
-505.26235576741 4806.67327499022
-649.598454500649 4761.66992870172
-539.655266197598 4761.17509782766
-586.884751374788 4752.5249522153
-493.602156897928 4756.28968405723
-544.292877522329 4769.42965804282
-593.897730309888 4785.71668942037
-545.147222358179 4730.32547696339
-527.282528940815 4745.42031893484
-650.056878885519 4737.33572406114
-567.720326581384 4779.04978768663
-541.704088241866 4775.44253862566
-561.003611016435 4830.23030037142
-530.82563580015 4761.22364546218
-622.415333781582 4794.42155244047
-520.527904352165 4782.00103413722
-563.330936143874 4764.68108696897
-638.463327125528 4834.17887597823
-530.061212770344 4751.46839609964
-651.029783416944 4775.78401911098
-642.158387741237 4803.14895589234
-573.2675296435 4780.76364373986
-543.846034903899 4750.47478554237
-581.656054541538 4784.43639770016
-614.004475970742 4825.08160361771
-572.065471755583 4745.85170641965
-491.7203941112 4810.16373177775
-509.828468333458 4767.53731573804
-584.243158370366 4836.97201218784
-620.648967887015 4809.30336153647
-603.763496713465 4775.9573957161
-554.120084876743 4812.37126162175
-598.897493617611 4768.49615461325
-570.629550284463 4814.44238560415
-524.005323754472 4816.53248494463
-566.336167354274 4822.67843310814
-495.676854040281 4754.89925914997
-563.731788921901 4738.96010029304
-522.745796586277 4828.67705784916
-627.680465256271 4796.77452775403
-519.117874533267 4763.22036805491
-557.899193211845 4785.05872531137
-580.707687237985 4751.27078052464
-619.920084659419 4756.32155253286
-498.373082007914 4753.76458915562
-644.486731396309 4819.98760350828
-534.097072212071 4767.25687655437
-647.319764913873 4802.18991424989
-581.325572588895 4739.84263251214
-607.603373478042 4763.48081594725
-549.128172983951 4802.47928070662
-539.870929356695 4739.80825955559
-527.354234857576 4741.75312489265
-606.802724476899 4760.71979535526
-640.964966218033 4777.78120947676
-542.51331126137 4780.19946545995
-534.545775471921 4817.7254481387
-608.579511410018 4810.47046828286
-524.425029818231 4755.17727126259
-549.934048961617 4822.51181495364
-619.425488548314 4816.79873557351
-550.010783625052 4801.44116035827
-534.319783666484 4828.20027877396
-630.347521829579 4813.4606114033
-529.047441388109 4735.35908699783
-498.56725552267 4801.35540524585
-565.534140540782 4828.71146490229
-497.829590892873 4788.96077261961
-514.672477489526 4748.3056509905
-643.184053585885 4789.11289459926
-601.14686666897 4796.74137901246
-526.842401733706 4833.93181667835
-501.482139872148 4773.62979364697
-563.448591073452 4768.75255448753
-509.108514181341 4791.4803399133
-504.26653792575 4754.3954767961
-561.257729656305 4757.87814446857
-526.913914774903 4817.48558174259
-558.378909340353 4806.68863530769
-590.152080671826 4830.22374199552
-554.438460040072 4725.93684601238
-555.110223380728 4779.75451698392
-551.137447059307 4770.94578287226
-598.046016801749 4769.4969401587
-601.909351930834 4734.51914120655
-488.273611117335 4824.91260657268
-639.143851534435 4787.18860526985
-617.28556839395 4765.14871428251
-576.895910517244 4830.5059945376
-495.582523860734 4739.25250119051
-573.084345920392 4789.02418501902
-562.118073628301 4764.21629112181
-495.805268605119 4761.62046449818
-617.936196714703 4827.52376604493
-510.804772205387 4789.38361333062
-624.619315171971 4777.50758725417
-500.468373598586 4807.89306313549
-491.726830483536 4808.76756316221
-504.971021775419 4777.66819982722
-647.075044510273 4770.01258481036
-554.289200479535 4800.18851532474
-495.347720123756 4774.49108749925
-611.288049134535 4726.95002125238
-600.172252746531 4760.57935449807
-603.635135934485 4743.86987725159
-619.61687406327 4821.95455103144
-490.307406745686 4751.3274892299
-584.050478068799 4834.23072406899
-575.795191562578 4787.78554682127
-552.008009728583 4788.95792422143
-518.971714994399 4790.6987654824
-574.43343097459 4799.02326250573
-507.940521215288 4814.87558989069
-630.442966297997 4812.02371329052
-627.183352953641 4777.13505552391
-626.544249716843 4732.97430524009
-634.677404674472 4818.25078385798
-563.701649417948 4727.17703349475
-575.366033211238 4826.41186361171
-587.156147085051 4764.93952414658
-631.929879382139 4819.41393889559
-630.199339837677 4831.39991222008
-508.707004665794 4789.97176295976
-562.363923696157 4737.44995624283
-533.245053792394 4765.4389400146
-577.713250949929 4803.5903076317
-586.950440429103 4736.56802585305
-551.677839645764 4726.22507288718
-563.597003331786 4819.93919759336
-602.928616762169 4753.34174487185
-561.380650813455 4754.10253856026
-561.306172787399 4817.91813954027
-487.400318537523 4799.86025921424
-622.568948471406 4789.41241570255
-557.826512113685 4808.11275771218
-488.071085475603 4792.42494184608
-546.75081576071 4743.1636381513
-604.063559258185 4751.18826867837
-552.207621895144 4740.72661931175
-541.004628450335 4826.99932727036
-648.344349557819 4734.30306198115
-624.833247868193 4772.37063021106
-501.431665851819 4787.63059021671
-538.602073002089 4817.91570488357
-529.532028401531 4787.68946818452
-493.464537889382 4810.27862256463
-519.676706357283 4779.23747165386
-491.43006551415 4747.81874176029
-611.19500850968 4772.35615314272
-621.087384615255 4812.31988451434
-579.26561254005 4784.49067076492
-605.502300347044 4739.71498864447
-543.456319144146 4776.5536675816
-518.236951595661 4762.04323986387
-628.756444958368 4770.27643705385
-581.31004528739 4816.28369435633
-502.072042951674 4764.14958748285
-630.707999770932 4803.80327267643
-494.453029283945 4732.40164928568
-578.232418385207 4816.02125255161
-518.613790446565 4832.38151508365
-610.14414528409 4739.34148165349
-604.063928267416 4806.41764722107
-624.043198736633 4783.90554333076
-515.290815667142 4834.25963986319
-583.842471903973 4760.08583221316
-574.68136182572 4805.99735337222
-554.153974122281 4787.79194794383
-538.827975958999 4800.3781423572
-632.107191230433 4758.23959895098
-532.611664923789 4740.03832021909
-607.70454709469 4772.79478810655
-644.987620492049 4830.83979197749
-623.504725865547 4782.48399129618
-516.935193728296 4784.18453753895
-601.208132473104 4790.65084212348
-490.541404928891 4834.50087643976
-556.89966463593 4777.80089130986
-595.544951202241 4726.1315552483
-615.668599914762 4778.26348716353
-525.173692989818 4784.86910744382
-487.933248775013 4830.04474926599
-626.976554729439 4805.31002917782
-607.832119298741 4747.60294064082
-500.920590547521 4775.45189460437
-522.674298406792 4756.68025446034
-533.91038206056 4727.76248957132
-584.855091561524 4808.07614139709
-590.077343148732 4732.02935307298
-497.830507276224 4826.05859482104
-622.316376766544 4773.88580129403
-546.378777112134 4735.65479415082
-558.458837507269 4770.32955155962
-555.54341842666 4733.89837276979
-532.61784475572 4789.11108395926
-491.273142282885 4784.94385873125
-491.521980367961 4738.94689375615
-544.358553599819 4769.73320572758
-615.676229580169 4756.49737288193
-605.523349788672 4835.23467324422
-516.879621257413 4815.74472691548
-598.164350800617 4773.20888243505
-601.282378400395 4736.74565642789
-566.274902357195 4790.60339256988
-491.624340062071 4782.89099084244
-538.037732527116 4766.96846407712
-541.653140944028 4812.59933733067
-548.843541450996 4813.82456969349
-496.05205786724 4811.9489763977
-521.806527343668 4730.99151310886
-527.378528795822 4737.63327110935
-492.636666457301 4787.26442095584
-572.370828960572 4776.3616236527
-519.248920750373 4776.82551797267
-542.145009234714 4761.58229426423
-510.710955253622 4742.06979927081
-603.130476871224 4835.40339816381
-647.765166363329 4806.50781912281
-545.325643669796 4749.90819500025
-547.567182788894 4728.18283416375
-626.630057102939 4808.97280125278
-498.459309107835 4766.05879750037
-537.740530707323 4813.98281621724
-520.725886215365 4822.37056530577
-618.270585214908 4767.25504952626
-496.971691498117 4777.50707337177
-596.806743787636 4774.66943469784
-620.192379301429 4821.32539985731
-595.210768982557 4794.14196189154
-598.387840090524 4767.32039660268
-542.678687369745 4810.22860336603
-631.094000308605 4790.433316421
-538.121182467174 4822.57986741416
-560.615562571155 4807.47936616037
-638.156852068423 4743.43309388508
-568.988428734989 4727.82306348826
-528.24200552411 4731.58330944156
-495.289126006161 4757.40839703092
-598.770467715096 4771.96111220351
-588.860257838239 4748.61254467129
-620.917393107393 4761.43423707908
-638.093655109357 4795.33818046809
-553.680109298783 4737.6968845414
-547.576315895249 4799.334768727
-591.065291096168 4814.29281680373
-577.967055119747 4771.99724487524
-559.528601949055 4802.54141384979
-565.227532702935 4767.73332918777
-587.573136628101 4797.27279560012
-557.614812459795 4751.6190159396
-629.422326919287 4777.2707963597
-506.405446798644 4760.64839267871
-529.59525643847 4812.44302193705
-521.198193251294 4728.85804710611
-618.066946218967 4736.90022339418
-559.492451124695 4822.17523249327
-631.94360456092 4835.05159617355
-626.481622649661 4778.57887151538
-601.476105598701 4750.8582759203
-574.928028261174 4752.34597289657
-526.367493386144 4735.93669011562
-573.448915865657 4823.39254191777
-602.903348537225 4835.69213464923
-635.902518953086 4805.89091988473
-637.528979516652 4835.2742692177
-539.553817129201 4769.96044126764
-532.246313616544 4757.77282767661
-493.14161753056 4830.87313020494
-600.640294518242 4821.65448018868
-508.092208407026 4759.93810082257
-607.621023616014 4745.98846872907
-582.310856945195 4797.49326730452
-541.735116442625 4757.83270270417
-609.725928250686 4760.55597053179
-612.307991267107 4733.75272432587
-569.149078367186 4758.65448490536
-536.998368245262 4733.88514042099
-597.608251241648 4793.19406211736
-634.138387675717 4740.1339243774
-508.229872658864 4825.00272923243
-544.558111771916 4825.48099405921
-529.571997968571 4766.37876389478
-532.189487797612 4820.97169166858
-631.458848560358 4767.49146049106
-548.343838852299 4833.3493864213
-600.558769416674 4766.20413972226
-543.824270539022 4813.0889655629
-558.005689507059 4781.22635314524
-640.759256089799 4774.45277318975
-642.070095367259 4751.4823117523
-560.375246791161 4823.6500171678
-532.936636162527 4780.73599751919
-642.033502133472 4729.513656143
-518.29450729561 4813.00286754291
-633.951633284004 4796.96127620105
-497.695030276364 4781.95583154081
-521.09485120483 4798.4686511011
-589.136999349635 4778.69886032427
-500.611372421304 4753.93606103799
-611.58211768306 4794.87601873101
-619.307510149571 4813.53475954104
-641.842274171235 4733.94332941513
-619.088419400834 4791.21468816233
-504.09252302961 4783.83252009555
-515.820839392939 4768.3138312661
-498.331911410334 4833.28107221706
-539.049637291963 4816.05189559545
-522.295359836229 4799.11765461716
-640.737129571814 4819.04552086526
-549.566472626415 4754.87306378172
-608.84016578105 4782.07410853025
-534.599545250776 4773.25117387692
-490.803198571876 4798.2558450961
-610.795503894479 4768.53538934932
-535.107825934491 4755.87389616144
-585.347485707145 4736.35687416673
-550.601168056713 4726.60164823427
-534.077797241414 4826.72779884218
-536.909040110082 4778.77131334134
-594.355875624866 4737.99805551036
-644.578829864379 4741.90982409938
-535.704378903173 4758.43436944167
-504.347098883262 4790.08003745573
-532.877028643994 4740.25107757756
-546.879250382496 4805.58776882844
-535.889140098974 4834.93081827596
-585.972407016012 4731.78918161988
-540.574912116699 4774.51340654919
-602.096021714557 4758.53345453253
-576.242774028321 4775.22425741327
-573.361136672854 4816.93357622839
-558.113311658649 4787.00657201552
-620.622927857252 4828.48726621071
-547.145949711972 4726.40302032466
-562.206214294964 4775.65532964059
-600.401929417545 4819.40814718801
-618.210531372433 4813.53030119893
-503.344380870548 4755.9058995477
-612.914791768078 4811.10363544963
-521.207264010118 4801.17178796307
-608.850917148145 4808.21928947654
-631.341053657922 4773.56063430308
-570.812529565568 4770.03968455363
-568.729130246194 4789.82599731368
-495.642174107829 4784.4176661961
-539.128030619199 4765.72569900164
-644.852241342259 4799.01751685572
-565.131367349697 4804.95330948652
-502.556085313084 4768.01026134219
-514.035610026775 4760.45961694763
-638.306814066257 4786.13014743462
-565.200024853951 4745.29282349217
-514.701207375752 4836.93289392902
-640.584579809621 4827.44970497387
-509.685209363813 4799.79120340279
-580.283532571606 4734.26059889132
-489.77226395946 4758.41690251445
-505.344744362956 4770.08400457404
-510.989422631905 4784.14690718054
-569.762301331927 4799.19990226021
-619.262012771926 4823.26567445291
-531.117465492304 4775.88674031657
-623.006100614665 4834.72851769553
-508.007123311871 4788.09909614514
-508.722716573819 4749.83186641566
-578.96861867272 4769.44064568682
-514.17222765834 4763.6498574447
-577.412550152848 4814.28537051858
