-596.517533382067 4830.22117002045 1.36587211062815
-505.323552095036 4756.82223727539 1.43946564909221
-616.700972403314 4805.5777946064 1.20519604184153
-599.326710428047 4746.58643167646 0.704903685213807
-587.981623851997 4734.21962077639 0.440854975219517
-598.570753770362 4827.2313702736 1.66102180015546
-571.893351483796 4727.39301811961 0.439110038035256
-631.167500030405 4813.24350581114 1.66953682355281
-571.816513260522 4734.82038174082 1.51010874811289
-589.162450976132 4750.33026228576 2.19373212290658
-635.334835267239 4780.73791932907 2.16167425556252
-620.844292475862 4732.28345343421 1.00006946227707
-555.646530504369 4815.67995036788 1.12838669328063
-634.153204546401 4774.71677978696 1.43746525806213
-578.388366560798 4759.40291225163 0.949978009227746
-637.524993025955 4811.94453201009 1.67514116307937
-565.315294551204 4803.99105455807 1.85548345535654
-621.767830144607 4814.20477685764 0.572397978227124
-628.274401536757 4751.82606063139 1.03277082240618
-620.854273618017 4782.9956318903 1.33426605032092
-545.787897775366 4791.62318342766 1.01190928234913
-648.711322409453 4736.89773462825 1.87971313026973
-606.055108730412 4818.76020297027 0.696539491776005
-562.730870574667 4822.61332828058 0.934497488659733
-490.943093521249 4749.10174997124 1.65997375362468
-527.193134820071 4803.70784764817 0.607340599927416
-571.069751947766 4781.09108608888 0.855617692756005
-577.702361755905 4794.40616804568 1.37840359082606
-647.878814550548 4739.583173835 1.38073991590962
-501.065137688704 4814.0431335425 0.24258960017245
-617.577248885864 4792.28192282622 0.425627691121971
-515.133001761404 4816.22916658983 2.85191809161509
-506.017331064761 4764.04845473283 1.50627090148974
-539.251500484661 4808.74928576149 0.911168847990923
-579.314251964175 4828.46468047215 0.442664574273438
-555.414206791921 4766.15159965464 0.669808114116468
-561.45474949608 4775.87468793744 1.36320063213997
-594.242364574504 4788.6722208305 1.16804656134438
-515.532777269363 4784.20761137388 0.465165747749397
-583.083900861392 4777.22568385906 0.812042648662176
-559.10794233404 4819.18756814539 1.43519036853329
-529.389279210984 4780.44271039529 1.39916445226146
-567.2590565798 4820.67872265003 1.34161632795919
-555.088825732445 4764.83196456565 0.755828781842856
-601.320102262602 4833.17387576346 1.47570046748695
-590.944918614419 4746.64700924383 1.03039730730077
-547.933351923583 4751.920475681 0.179761778917021
-523.55549667497 4726.27059705813 1.92385689002972
-516.711141013494 4798.10080572253 0.817439811999082
-555.939444723292 4736.03714789824 0.930461801474482
-612.194929589243 4816.17492210717 1.70120557159935
-631.01987538993 4826.48753592117 1.23407300861547
-557.318333824049 4729.01931753354 1.20618873401558
-633.270359723407 4786.01307490641 0.341737977681879
-632.515775827147 4744.78041814556 0.407931047511183
-574.41505579438 4807.46736574164 0.447384633572014
-586.662962745523 4829.88970212554 0.436733621435663
-538.930580638995 4824.40859118664 0.769469069108657
-629.951255355858 4804.31837165327 0.503130352306601
-581.057335522533 4794.44012757143 0.772738074230372
-581.70267745362 4739.24189554735 1.53346887085319
-536.217976965081 4776.23450174498 1.14311508488927
-632.073964154313 4743.59780309682 0.753415410774544
-639.370736192905 4749.83055500456 1.23789369938195
-499.020267730732 4787.34130295623 0.347755160766132
-577.631775283279 4764.82448472759 1.49088073331668
-530.74558590324 4784.50188313053 2.62105009858963
-528.215925042187 4807.80340291554 0.0867162608275787
-498.812433008578 4817.28058232812 0.0952106705443126
-581.907732541167 4819.22573845701 0.248147358176979
-495.776183537872 4775.26334618386 0.618069275287268
-539.440487447223 4728.06813141294 0.936815900036424
-569.804584754279 4760.51189700614 1.69345304305505
-486.837966626284 4808.83362709538 2.30213437020043
-534.731230018281 4783.60210541785 1.96626665052687
-635.847779954028 4774.33493497703 1.22993769292482
-532.305024061025 4750.60609107779 1.80177600904242
-505.031598152021 4828.28019262614 2.98368211434062
-594.750439355139 4761.09431682969 1.8584767086835
-570.671051737613 4828.13306145972 1.07687498757901
-572.841919560802 4805.25571859905 0.80598265225687
-512.791327054905 4741.06828029927 1.29372094319547
-592.986575414959 4781.18363468054 0.997420935532696
-641.508056134287 4736.93443373824 1.13777795985226
-556.059745142335 4788.35622323201 0.920275174543538
-551.163616684235 4778.01542562598 1.28226572549464
-496.251183953404 4821.37752033241 1.52403448366462
-489.805937836681 4798.09874791465 1.13570661075513
-532.124186096379 4741.2163325395 0.806727819329695
-639.917902614303 4821.93994019161 0.752253989783152
-596.147395707252 4748.04207957135 1.5204541929147
-576.841813144118 4787.04396488875 0.803248827912507
-578.31903244247 4821.4803360091 0.21567854464305
-622.077334980365 4821.08262722569 0.739193146889296
-635.330184048921 4791.10984851545 0.652030924755872
-623.953237969955 4800.42859549116 0.601847621917822
-605.609753468683 4726.30500613065 2.10848938577261
-624.970663118077 4727.19491069424 0.736430598207056
-619.910130689443 4792.3559306424 0.440128445866327
-555.531908223239 4756.49084676445 0.379206025673309
-500.998689474517 4750.50495444433 2.14205479008977
-509.341154657662 4766.36281440799 0.720001601563221
-631.106107430511 4776.31498022314 2.00988292786467
-625.264311636044 4752.85192332208 0.927038168770583
-561.888691517621 4804.51213951795 1.49210432136255
-489.826159775914 4769.95366163933 1.69233915264378
-494.411199381936 4755.0064294292 1.39167607839368
-527.538263608025 4760.30075171454 0.681518539263224
-521.722501860508 4782.50596956148 1.19898810815465
-617.40684621853 4831.87112099544 1.83382834089809
-567.612018368406 4813.22479815139 2.17584750355322
-574.639975859841 4749.59867425136 1.42267079195091
-618.453136198471 4761.14519289593 0.777580512504617
-585.94596106105 4827.25024945186 1.06255427112445
-551.645648104417 4832.04691532547 1.27331508693805
-552.899192816071 4759.54672719504 0.108793222794518
-512.453443521162 4746.47975700158 1.65617912750497
-573.826647909117 4755.37726717794 1.93922438958891
-511.030845910497 4819.19361245766 2.66865903113363
-548.459873111743 4826.32124273276 1.21455574503404
-485.943305919132 4820.63871060501 1.75112189187378
-592.102723668909 4757.5090972954 1.8632811340892
-644.74696570169 4778.23195413926 1.38888744683432
-582.902672112589 4811.8483734004 1.32163733319774
-502.828659100657 4736.38796466029 0.763334278368141
-530.931617931038 4800.47293099354 0.872300413351833
-640.501946597209 4732.60141167696 0.117014138939263
-567.692457412218 4754.69313954487 2.39163292291884
-544.961071045853 4801.49190001229 0.300537577393527
-621.544059435958 4739.38163904264 1.31654539998262
-584.253143533272 4772.34358087481 1.23220724629756
-599.241119418348 4801.39739005146 0.498985232365673
-519.300995513504 4739.24846539234 0.695382624113084
-573.913394014922 4821.77944106673 0.593360353027561
-506.382455103154 4763.40468730794 0.621534649099667
-619.590235601836 4799.62460539039 1.21106592287142
-576.830396239581 4769.99390894302 1.64955360141477
-568.72330078891 4814.63716150577 2.07012075543181
-553.010641789965 4749.105247033 0.96091419287816
-601.145712952826 4816.63462599048 0.742305319251842
-487.578115021424 4794.6738319612 0.442495919205203
-648.972059784195 4778.9861349283 1.70498474796924
-499.31758108717 4803.6947434787 1.10100286248592
-526.841178457451 4781.42802585143 1.49997811285337
-525.430782756292 4747.01371814724 0.643458310950851
-595.176984703402 4792.45102788261 0.706143725746896
-545.433777946626 4797.20394677592 0.97906603427218
-613.60720704569 4827.38747231113 0.80353519182875
-542.281363244026 4788.07112247298 0.521457714206056
-640.475922379328 4747.94035193041 0.422871641428503
-520.856078170046 4758.66465573291 2.03717830956499
-520.356781911146 4738.53996859067 0.521831818299816
-524.951535550656 4798.10651680994 1.62267154147992
-523.997423768218 4760.46918581641 1.40260570245001
-537.706599241558 4817.21540446604 0.952016494423697
-646.382158763505 4810.17436838485 1.68436336358628
-600.458075328926 4836.34569312733 0.853883260957163
-546.763290281667 4832.24979629865 0.429800389883316
-574.843004428507 4739.51491741632 0.95578427954631
-551.318004709639 4778.92927316381 1.33607074198769
-509.729323660551 4785.59273774429 0.771202629998827
-652.317614234706 4725.90668179643 0.45098501323224
-582.581794751948 4766.89896265412 2.31418276232642
-606.229891146004 4793.48831468983 1.8979011061766
-522.409448313503 4735.18935370474 0.784301372467367
-595.091945564106 4732.94611052265 0.547140008325131
-536.075278335875 4761.46667157874 2.47733063550737
-637.186651485854 4755.74935378855 0.716549867206903
-491.105257373761 4788.67159771994 1.01424657157642
-499.550784942801 4830.55310053639 1.99763963023484
-522.933854140494 4784.06238689783 1.43518954598302
-636.116372629601 4754.50784772365 0.516063665109178
-500.963663807319 4776.38924621028 0.558194205359151
-486.375105637395 4820.83107333828 1.59900675787318
-546.15377136051 4779.6481104216 1.70048674738308
-570.385236438297 4738.95780129777 0.762055947970794
-568.861966957668 4745.88675056372 0.74621587985646
-547.962262634949 4734.87143339024 0.911585338529599
-582.046806249674 4773.7299786828 1.16052710327629
-551.739284176218 4816.602577634 1.60832922347666
-550.410343736785 4801.27851276018 1.63114317197766
-627.248181661704 4738.07076871777 0.204694617370898
-626.020239442954 4741.07642645761 0.936819856330411
-537.593434979307 4749.12421708371 1.04673442692218
-521.853161912649 4773.87148626861 1.85602024778644
-646.471364244035 4762.75553355461 0.825071704692071
-576.653597291528 4799.6370523786 0.420089139232396
-621.836468660641 4760.30335724251 0.910193500215175
-575.678300805309 4757.36761697132 0.739007883742716
-600.387132183041 4797.14414203859 1.06395720543962
-555.380330142189 4827.92808249802 1.87103620119581
-561.244157524268 4792.85622163022 0.6322259751665
-573.661743906396 4756.03159579357 1.68114705398726
-573.531667731095 4790.24436914552 0.768490095985597
-603.484268193034 4807.96862067642 0.916469295734725
-618.982253645694 4759.54424156175 0.32304693256011
-542.403243674368 4815.66167009341 1.23270808828096
-504.056832217974 4797.92204832934 0.995366619374308
-541.514415382659 4732.0204142014 0.0486917280185823
-571.843166986836 4836.80799000805 0.175335574167612
-591.753267403503 4771.14870040153 2.22980448356934
-564.915426906658 4836.977248046 1.07878712598085
-616.292517935542 4779.07425303505 1.3070555625953
-609.563629678247 4745.72924098705 0.866059686819416
-566.653716517112 4807.04686689905 0.809724819744508
-486.223022344556 4808.29831562658 2.3113632806367
-555.594388923791 4781.04164176854 1.73043382274689
-584.894568571196 4754.44409091507 2.12149044640791
-601.468565611298 4788.53152993169 1.65560623628307
-527.744315560947 4832.38953883603 2.25550877668821
-594.142430617725 4795.86928221249 0.175382839030086
-578.315001873883 4774.56454609375 1.6935528547289
-498.871217306451 4783.3858341176 0.969872048146098
-636.501912828875 4744.4915288598 0.116330876688673
-594.459547501062 4767.55889201574 2.01042862490626
-635.439269140154 4785.0658837561 1.03295030384977
-492.382700944143 4819.14909733333 1.9944514359488
-515.441067410315 4746.07255549066 1.55393122265192
-530.730308395656 4834.058408212 1.56224660066249
-518.994783490132 4825.01054169989 1.07523379399309
-642.660880883816 4795.80467770118 0.519905875726306
-494.353872107054 4738.55890695253 2.24698037727227
-550.524117272343 4776.73722881343 1.59738245695847
-632.715582857048 4752.6378165207 1.14048039474616
-612.198644571399 4829.96722082852 0.789675894226353
-545.564417984746 4773.44969664892 1.39518695398863
-649.067996769016 4741.45148133518 1.66451903520277
-525.206375258141 4734.86313663217 1.11862377340058
-629.922973193798 4750.7162168863 0.698883230967239
-602.318062128896 4829.11160435541 1.49600932730566
-497.296474342451 4741.4754556876 2.12206801125681
-536.246019001033 4754.49095821188 2.09022462689777
-497.677542778868 4750.85602823819 1.18369415066566
-650.106986418141 4735.35040280211 1.4189917101515
-523.444265733672 4785.47670455352 1.16406716431599
-564.1390135862 4733.76755784204 0.0920434717070872
-528.270905062665 4726.25143979982 2.38884449972546
-643.235472162383 4738.814397947 0.847803884869479
-545.224676566164 4806.45205085677 0.932804244138517
-582.725417006395 4737.19079224097 0.686451974806887
-577.242959672219 4785.89763595932 0.41915213514408
-595.739465646424 4737.82432812722 0.592106798211099
-613.094370697168 4752.82844516948 0.373305212309279
-546.948901213417 4795.87154643804 1.64634575237796
-609.979116995753 4762.66927294801 1.75691413810446
-486.744399824049 4811.24269266377 1.83984397488131
-541.993506650364 4740.5802614155 1.32248926973546
-653.526701927294 4747.62007543054 0.427339196814565
-650.591479625414 4772.26380193327 0.895614015205236
-623.820096017186 4778.66821735809 0.546330666599384
-623.040960182274 4795.97737395387 0.280911315450639
-643.594819901722 4802.69772095874 0.635188406468608
-643.532467381353 4795.85360516182 0.682293675096809
-602.612371881152 4808.71086590015 0.566974225222889
-643.295486927708 4742.52017342745 0.778993785467708
-516.303478950403 4739.80447550776 1.53359448125877
-521.793975672313 4764.03586618037 1.36585048531416
-547.922981536612 4756.08038733387 0.446776162365178
-530.624670151489 4803.96859596327 0.621800551535528
-588.540481214307 4815.10459045329 0.905310478261061
-527.056337301166 4732.99632640444 1.25961291158391
-578.901543538747 4792.37148194735 0.474903808897762
-616.287971909232 4834.06257889491 2.7545876087638
-488.455595952009 4785.84023154909 1.93878206475533
-569.618741037434 4758.22860234918 2.01007307247678
-591.153652619143 4806.17972552124 0.6319943843014
-576.873817225801 4814.50461415045 1.75358646096468
-653.192992553751 4739.19488404555 0.950865154574048
-486.502115110452 4818.23889973528 1.71871995306757
-552.650700649399 4816.7899787575 1.8288285374743
-583.248556658121 4826.19730200797 1.06426894457168
-503.684187573504 4755.6247257988 1.80022329145953
-577.077310713476 4729.8341028669 0.266969308479073
-497.153132780989 4725.7848180896 1.06362899451478
-504.493100817539 4825.61274867539 1.2268210835784
-622.638760213063 4814.0541216784 0.654239152235254
-594.231535600695 4779.68810574194 2.24378708097139
-617.430391394447 4827.40637181272 1.38892401801446
-571.937954215167 4826.29113679428 1.76261293098276
-634.844681172538 4812.44360370194 2.1354708124869
-577.832853834102 4781.70183375412 1.34650989095726
-587.322403130717 4761.147134123 1.90082620837942
-635.136348672935 4813.44139102618 1.58377235485013
-530.602029251885 4756.88955895056 0.926212410149578
-625.043488503127 4768.70921801252 1.60961756225421
-589.371569759284 4808.21243764218 0.269527236265838
-503.940811922067 4733.56813188593 1.30728901671804
-520.787634496437 4757.38325161485 1.29063917113267
-646.528834079601 4806.44859156791 1.29921918085485
-581.446156494225 4743.76056251203 1.20852201189359
-521.099431949608 4828.88062028803 1.97268902393258
-506.785510759186 4823.7083141733 1.95499742353724
-639.998378108988 4790.06740077453 0.483874630143756
-628.332701361671 4742.12631002429 0.984335439585537
-612.029917417238 4836.19317568426 2.18527404033524
-647.242252040726 4739.23741965211 1.28595481214456
-533.939403384311 4749.90191087274 2.81158146642368
-583.438634671071 4831.96345431518 0.377130710036649
-581.416124975972 4787.52573133386 0.555095304346556
-496.099528082667 4796.23499871627 0.547068693854886
-531.359270073807 4733.61940142211 1.47138981356113
-485.448524008855 4832.57794657253 0.233971582104877
-541.186612942485 4805.80988157016 0.220149919142416
-517.757514756022 4744.64335103804 1.40015252084219
-628.835974647767 4793.11248139006 0.762236956313611
-537.029381026057 4734.34704362466 0.841065301970428
-628.204546790625 4790.92123423183 0.741223134486787
-574.404142025256 4827.15616219031 0.805467572539702
-491.406953092018 4795.96964285738 1.05814609877324
-579.740537973743 4745.14740981502 0.622843584722486
-535.734975931477 4824.54065722866 1.55536782849681
-529.064225616191 4798.78044114991 1.44717546589376
-638.270198489294 4833.7754921716 0.772495543581881
-530.344822381583 4788.68726741796 1.62026898232011
-559.622844925811 4799.04045746284 1.73772326969266
-595.128365422652 4810.14408243608 0.636384021299945
-533.704708632482 4825.45509771568 0.111085927887743
-513.589106369214 4771.00214574442 1.1711071900251
-549.396482218072 4802.38930131984 1.16389397562065
-646.065940124219 4758.30764382585 0.792741243751319
-585.228218599802 4749.79650742833 1.22232102870445
-611.016601796985 4735.92302367612 1.05361568056317
-623.022423683823 4749.85972705388 1.37937395431817
-533.577677203149 4775.38726570508 1.55052897160634
-582.783550501617 4759.81278515363 1.19300807708715
-549.163693607917 4798.53635612338 1.45405915669244
-598.882074625487 4768.36792354387 1.1915077679247
-519.642978008231 4766.85136408006 1.17855438590172
-608.884807471381 4782.07699609937 2.24021864339875
-590.573663432715 4794.52282773855 0.708463973249056
-559.300812172894 4834.06049043376 0.933202797720605
-614.808288521407 4742.18579637149 1.01535245860541
-500.453102783834 4764.13707807485 0.505179105760323
-579.425503821737 4830.6071024854 0.511284547486898
-488.38836175446 4833.69583801787 0.834026075611456
-523.500733097622 4808.92107789804 1.29668158762048
-522.638507685152 4776.32658440176 1.32958291158284
-492.124366688537 4819.68080409148 2.31889065611855
-601.722495927901 4769.0022413992 0.982830992167879
-533.691974368984 4783.47444016539 1.89570072525624
-516.910031751906 4757.20047351712 0.518539353415028
-641.062202357122 4737.86514981727 1.8441897586122
-636.939766323149 4761.80049006687 0.207190705585647
-585.21175348583 4742.84294969633 1.08695364050591
-527.615523126469 4773.45121056837 0.530663783133146
-543.488968688766 4737.74135358226 0.906492709485675
-592.527182444544 4814.4217044589 0.147301364164739
-488.954305747292 4818.90951792329 1.81037063512708
-557.675573395431 4786.14137572233 1.36927150638121
-525.819917397053 4727.49408485119 1.91551003169788
-643.631546498479 4823.16715427283 0.671580477602111
-572.26946752653 4726.80192269567 0.211165021304113
-524.131362490762 4752.35748224163 1.12809963151505
-509.313297298277 4746.39726739447 2.79251678789157
-501.472151121615 4756.61289770478 1.80700928747136
-522.317073149572 4783.49383573734 1.21836581573592
-561.594998422722 4741.76182498458 1.18262921464698
-570.18488336432 4762.81943581088 0.998876352291768
-514.01973386693 4809.37262436104 1.15691022096276
-573.69198750622 4820.82459786083 1.08505728931994
-570.245786633516 4830.14145393883 0.401144146409796
-616.912869704825 4746.68592869653 1.09787226747541
-552.404661723916 4734.4298983785 0.431836933063228
-612.559562075198 4737.60650539352 1.23663527625812
-502.324682934193 4834.84661397565 2.13877681696579
-633.651652301215 4731.11910299674 0.578995762698282
-512.525091111628 4772.73463704423 1.21310694581215
-593.47841842989 4757.4212468352 1.33810790243117
-602.488597702035 4788.33027283103 1.36354110812862
-536.423367558148 4800.03103422661 1.1731878290891
-628.826429833733 4793.19326005798 0.99258378963094
-563.922800839266 4832.2410418127 1.23081594942631
-626.999853280408 4753.9934356493 0.74888035516737
-490.868678924256 4758.21941781131 0.947702977810412
-490.571299568929 4801.30962570002 0.758085513552316
-613.792338721558 4738.82737955516 0.728443357798932
-513.994525334291 4769.69458372034 1.37833263038891
-576.924157095758 4749.10714238373 1.23446552936064
-592.803639523779 4807.18168811084 0.177446293528214
-538.069648449661 4767.25225513376 1.62009334293255
-581.257641760258 4742.06195723744 1.87240767690658
-527.77601648981 4733.84464918562 0.86555615306885
-490.535029209689 4751.82626759275 0.964800995095666
-574.649065285794 4737.91123734563 1.56018756560895
-611.356077537091 4747.72889526476 1.10332465978764
-491.175678371844 4778.44012572708 1.66098557573436
-642.352774858797 4806.63626722458 0.241599755846907
-558.762778001632 4743.96961305131 0.286466773925671
-644.393118193996 4822.78423447549 0.362577676085926
-527.501434584357 4739.55580450346 0.183146831268519
-589.352483481468 4770.81998788351 1.70772243843137
-514.914050366929 4806.6709666747 0.394669089308838
-638.728656997978 4831.69713536368 0.550054388146757
-515.026876453899 4728.81917246829 0.927000558652187
-554.230067515095 4836.52828236053 1.5692344665591
-539.024197868478 4783.48311265902 1.44005685159429
-576.605696751673 4799.36085559199 0.30688094778645
-601.964151842877 4740.28149877353 0.309154437072365
-602.065021483195 4762.80602275276 0.900204140624232
-521.400424669204 4834.36171823035 1.47080151390063
-493.077823041701 4792.93809969942 0.901794179537952
-633.766238858517 4803.30837443766 0.72295313529212
-584.091524714868 4757.2505367798 1.50859653318623
-527.054782864991 4756.98094380532 0.926525875365154
-505.644688916207 4734.16996496402 0.485386451307485
-625.078685200052 4812.86520427588 0.235820746348311
-611.448434609423 4795.28096054706 1.63307233280036
-614.008434714388 4757.62118317861 1.4103378833994
-499.85926818211 4726.54093492779 0.28173581433364
-501.609743951978 4778.90500913281 0.392406506115929
-624.40027101582 4729.78859259866 0.426091319150524
-537.089371627254 4789.20394159491 0.749725779211965
-559.67169642318 4764.12787238519 0.825881449335315
-628.039850740578 4835.11386104294 0.831923364141666
-540.914802555306 4822.12543633345 0.471889991888251
-495.504248010237 4739.50747338356 1.4048526695777
-650.669358410614 4757.72329939635 0.106515514895363
-552.236906992343 4759.73814943731 0.842387104889564
-642.194567790184 4750.38983585498 0.271072080919984
-504.515107957131 4793.28925652119 0.669798926805609
-575.510451570207 4831.44122179938 1.08952258800031
-638.321488000727 4771.7223737649 0.523712904725746
-635.753442170659 4768.25451946649 0.869005352974067
-509.200071371345 4835.21057671885 1.13639494833623
-588.430934541594 4827.67113956377 0.843049880927754
-588.021122167799 4784.82369250103 0.505065020097685
-523.365447845094 4788.19445748501 0.655510766269873
-644.82814846158 4802.0173497752 1.24349775004848
-516.913401024282 4800.89476827596 0.688405914827991
-574.221257080359 4741.8325428039 0.453800239616043
-624.18536305827 4802.95516322544 1.33690085811968
-525.866263798009 4774.59865295713 1.17293281604385
-575.958942625407 4745.68377690582 1.74988593024565
-619.405115357845 4828.94598383023 1.18515937842036
-504.140729047524 4805.02131027143 1.07843467895357
-653.277053007672 4741.46990081795 1.2296287682932
-562.449762110894 4739.47510806087 1.1020168303782
-539.1722906061 4756.19314932363 0.446230875581842
-497.825413487495 4793.3015498547 0.817191123462459
-519.392771469344 4782.26523638203 1.04994295772492
-620.973733008422 4736.15722845982 1.23735019384772
-549.62413834857 4819.51571246465 0.776784084332173
-534.645482931684 4757.6759598476 1.74052589169706
-502.012780240926 4741.07947537063 1.25186810231318
-568.812885569276 4802.14434156185 0.387482658741143
-550.14622864288 4806.17477110877 0.911932469342
-589.672794359374 4764.52737259853 2.08857726690084
-653.104194263756 4729.96801154845 0.852403384521466
-618.137369347865 4789.92861547872 1.21910646641424
-640.50785407963 4743.77164408346 0.928181234870299
-544.798011551401 4793.65107130897 0.9150706611681
-632.360205633721 4753.81675662032 1.00661961000557
-612.756293113424 4795.08234819709 1.27834668100857
-634.257211699581 4771.82612887113 0.973187937186932
-630.25545612249 4811.43346927153 0.625857620587607
-489.609637432529 4793.99927399949 0.986567992735379
-581.613934365237 4795.31367014946 0.391272771704891
-581.654566776479 4832.97824299421 0.424417754847536
-606.427883534503 4802.24986645431 1.21698116096802
-586.670665741138 4781.39531987357 1.26288875971138
-521.002302629532 4727.9796704504 1.10303902090112
-554.12832470687 4742.24398376048 0.797336409993925
-511.032077433179 4727.41872275074 0.409272936245458
-609.876458137569 4789.17459018253 1.59858458314927
-597.273614751179 4767.35614903405 1.94017072278503
-611.796000091377 4754.10852042685 1.55794972646597
-499.758015591706 4826.97255083624 0.85474633788407
-559.058295838632 4826.00509225627 1.5258120400167
-624.19650974618 4813.73960149505 0.611059388887341
-496.021300394159 4768.10182716515 0.30885566881865
-524.036935106377 4743.18631947421 0.6162601603151
-640.715999513391 4831.72124190832 0.615104066934805
-597.749850784376 4835.84039874395 1.7285421218137
-514.892812175376 4761.47868258631 1.14390158779749
-538.003482789707 4831.08056720164 0.726504050950308
-584.758679410537 4811.96194234267 0.511295458652425
-567.272446271022 4799.74535467999 0.892162747576064
-507.177893664797 4796.31487456253 0.35778866189239
-642.991756762265 4751.00140302919 0.56469631082003
-634.981889749286 4731.034610856 0.440204759230416
-529.13875111892 4770.98460011286 2.01952277148457
-564.638157496646 4826.56511590481 1.36466263068698
-486.262062742343 4827.00862365125 1.4392792151062
-561.178203409066 4783.95400395038 1.31712563349585
-500.885892310092 4780.43370232084 0.553966458408004
-487.976551773582 4820.1368717306 1.83298387572498
-610.2754080851 4764.09379306833 1.56240330905429
-640.684607997092 4800.52899473742 0.253990124367889
-603.243507377761 4734.23628973478 1.83102891697773
-519.870943444038 4826.5539164581 1.20853625570971
-588.103278890295 4733.37136406544 1.07653616860727
-532.002051535578 4743.66484798642 2.63330742644527
-561.65992177042 4799.83284325555 1.90178517852503
-510.621161686823 4820.12518317783 2.61836147085465
-529.618818272125 4730.63567040141 1.76685172878913
-566.649619248173 4810.12717368834 1.75045683100822
-626.804342829952 4826.46197044656 1.28343432288896
-601.89205368556 4759.18094208386 0.918864616536644
-497.386258390847 4781.29840813581 1.12782777331027
-644.929450543929 4747.78395757355 1.36658842767272
